 1.000000000000000e+01 -1.150965045818353e-03 -2.811790890342891e-03 -4.182709068354163e-04 -1.021829750441349e-03
 7.906043210907701e+00 -1.380483027483947e-03 -4.485604149062183e-03 -3.966301996756721e-04 -1.288770693944113e-03
 6.250551925273976e+00 -1.532717429521213e-03 -6.162652951838155e-03 -3.481576856957200e-04 -1.399850323440309e-03
 4.941713361323838e+00 -1.581248612845698e-03 -7.945137115706657e-03 -2.839705038030506e-04 -1.426837355747107e-03
 3.906939937054621e+00 -1.605578020226872e-03 -9.272165892179274e-03 -2.279626370841939e-04 -1.316477531228680e-03
 3.088843596477485e+00 -5.098643060970076e-03 -1.564643867902227e-02 -5.723293940904956e-04 -1.756333334527468e-03
 2.442053094548650e+00 -1.291352506675914e-02 -2.154429310865602e-02 -1.146028545681930e-03 -1.911977927902435e-03
 1.930697728883250e+00  2.695215037171828e-02  8.376686396053046e-03  1.891050950178370e-03  5.877356927046726e-04
 1.526417967175233e+00  1.750923837439213e-01  1.407834035734989e-01  9.712616657413185e-03  7.809450082278407e-03
 1.206792640639329e+00  4.749957842876622e-01  4.320184232937603e-01  2.083137474061215e-02  1.894656324998143e-02
 9.540954763499944e-01  9.903099440263841e-01  9.263720357910525e-01  3.433669573335300e-02  3.211979736315434e-02
 7.543120063354622e-01  1.999583900170895e+00  1.922274208838109e+00  5.481332850496655e-02  5.269408684309910e-02
 5.963623316594643e-01  4.094954726661220e+00  4.007026160280963e+00  8.874723520115463e-02  8.684161775668257e-02
 4.714866363457395e-01  8.042891512432865e+00  7.934905162242847e+00  1.378088542071791e-01  1.359585898878485e-01
 3.727593720314942e-01  1.447959622161604e+01  1.434285721419892e+01  1.961464923375153e-01  1.942941701967541e-01
 2.947051702551809e-01  2.358933809862477e+01  2.343129704742893e+01  2.526382087971870e-01  2.509456132727340e-01
 2.329951810515372e-01  3.601063314663295e+01  3.586391134286311e+01  3.049110892794264e-01  3.036687588592326e-01
 1.842069969326716e-01  5.492226687076711e+01  5.477861847454916e+01  3.676631467545977e-01  3.667015291013421e-01
 1.456348477501244e-01  8.278017975439015e+01  8.263476687945035e+01  4.381140638450617e-01  4.373444662703247e-01
 1.151395399326448e-01  1.217903840894587e+02  1.216409426226395e+02  5.096042171662084e-01  5.089789132698465e-01
 9.102981779915217e-02  1.743331137675032e+02  1.741807144616428e+02  5.767121273414388e-01  5.762079745388603e-01
 7.196856730011521e-02  2.435514293904438e+02  2.434001434620072e+02  6.369847914336840e-01  6.365891179785406e-01
 5.689866029018299e-02  3.339401888630298e+02  3.337921487991028e+02  6.905040857355548e-01  6.901979762213265e-01
 4.498432668969444e-02  4.515683930000593e+02  4.514250610992456e+02  7.382106124182933e-01  7.379762976790004e-01
 3.556480306223128e-02  6.040670117134702e+02  6.039285573529820e+02  7.807303294715111e-01  7.805513832347781e-01
 2.811768697974231e-02  8.008010306657854e+02  8.006672713276271e+02  8.182758589352638e-01  8.181391807428904e-01
 2.222996482526196e-02  1.053286110931865e+03  1.053157060095353e+03  8.509041785048885e-01  8.507999239297186e-01
 1.757510624854793e-02  1.375863424589505e+03  1.375739301260664e+03  8.787570217012289e-01  8.786777447578736e-01
 1.389495494373137e-02  1.786560153295849e+03  1.786441245587139e+03  9.021324601099427e-01  9.020724170693618e-01
 1.098541141987558e-02  2.308156795170255e+03  2.308043471567421e+03  9.214614213742539e-01  9.214161803714068e-01
 8.685113737513529e-03  2.969518074261984e+03  2.969410857392171e+03  9.372533612398471e-01  9.372195209435092e-01
 6.866488450042998e-03  3.807231121570321e+03  3.807130631551753e+03  9.500346802341723e-01  9.500096045296488e-01
 5.428675439323859e-03  4.867658538148970e+03  4.867565164429461e+03  9.603056989578279e-01  9.602872779214560e-01
 4.291934260128779e-03  6.209526357203343e+03  6.209439717263747e+03  9.685165792686931e-01  9.685030658035593e-01
 3.393221771895330e-03  7.907187520680604e+03  7.907106393996574e+03  9.750565557230373e-01  9.750465517734787e-01
 2.682695795279727e-03  1.005474459672259e+04  1.005466778887488e+04  9.802525831107608e-01  9.802450949950362e-01
 2.120950887920190e-03  1.277126528581160e+04  1.277119172723909e+04  9.843738357774897e-01  9.843681660859949e-01
 1.676832936811008e-03  1.620738242672604e+04  1.620731158157918e+04  9.876389272820171e-01  9.876346101490582e-01
 1.325711365590109e-03  2.055364506009084e+04  2.055357689455481e+04  9.902237887196441e-01  9.902205046726955e-01
 1.048113134154685e-03  2.605108394284439e+04  2.605101862900998e+04  9.922691402953678e-01  9.922666525331520e-01
 8.286427728546842e-04  3.300457733602414e+04  3.300451614207310e+04  9.938870816898920e-01  9.938852389189091e-01
 6.551285568595509e-04  4.179975806926237e+04  4.179969929063283e+04  9.951666697737686e-01  9.951652703749271e-01
 5.179474679231213e-04  5.292439985418553e+04  5.292434394838856e+04  9.961785350684401e-01  9.961774827720496e-01
 4.094915062380428e-04  6.699546829577439e+04  6.699541561775627e+04  9.969786279469971e-01  9.969778440304193e-01
 3.237457542817643e-04  8.479333715471838e+04  8.479328779040508e+04  9.976112381760083e-01  9.976106573946008e-01
 2.559547922699536e-04  1.073050672629404e+05  1.073050209622636e+05  9.981114089088804e-01  9.981109782373846e-01
 2.023589647725158e-04  1.357791482992609e+05  1.357791045500477e+05  9.985068590569323e-01  9.985065373294071e-01
 1.599858719606057e-04  1.717947393466851e+05  1.717946975343618e+05  9.988195100683855e-01  9.988192669703464e-01
 1.264855216855296e-04  2.173492482596924e+05  2.173492078133783e+05  9.990666964740020e-01  9.990665105586344e-01
 1.000000000000000e-04  2.749691069393512e+05  2.749690674073694e+05  9.992621246761849e-01  9.992619810134568e-01
