 1.000000000000000e+01 -6.505616676550119e-02 -5.019774545787214e-02 -1.576132537190114e-02 -1.216153730589848e-02
 7.906043210907701e+00 -6.546714348299076e-02 -5.195946002761076e-02 -1.253969114428027e-02 -9.952405834525191e-03
 6.250551925273976e+00 -6.591297839965193e-02 -5.389561846323687e-02 -9.981448450070049e-03 -8.161614759898078e-03
 4.941713361323838e+00 -6.688662315106342e-02 -5.674369770941468e-02 -8.007945079852636e-03 -6.793591804724381e-03
 3.906939937054621e+00 -6.976732442889499e-02 -6.350751139144251e-02 -6.603787154847442e-03 -6.011268045552856e-03
 3.088843596477485e+00 -8.294444997802941e-02 -9.106880077798252e-02 -6.207082450686788e-03 -6.815061830705220e-03
 2.442053094548650e+00 -1.253577681697067e-01 -1.512602624652075e-01 -7.416698384201208e-03 -8.949200042400374e-03
 1.930697728883250e+00 -1.602433463578592e-01 -1.881989565109237e-01 -7.495464572349877e-03 -8.803102550857696e-03
 1.526417967175233e+00 -6.632918415921552e-02 -1.191633373331982e-01 -2.452914380253234e-03 -4.406770073365334e-03
 1.206792640639329e+00  2.913825842339719e-01  1.958242707792621e-01  8.519233230906408e-03  5.725368382693487e-03
 9.540954763499944e-01  1.021261074321885e+00  8.876802369462595e-01  2.360656949529295e-02  2.051883277445400e-02
 7.543120063354622e-01  2.349085272745512e+00  2.190077142334921e+00  4.292932568960108e-02  4.002346616338952e-02
 5.963623316594643e-01  4.997349169106812e+00  4.812285107426014e+00  7.220282057584895e-02  6.952897354447077e-02
 4.714866363457395e-01  1.017837979421004e+01  9.964251208940532e+00  1.162658856339011e-01  1.138199315518912e-01
 3.727593720314942e-01  1.924868049944978e+01  1.901455570630656e+01  1.738336301789140e-01  1.717192638093265e-01
 2.947051702551809e-01  3.331877250214033e+01  3.305590245963131e+01  2.378926436756736e-01  2.360157783334227e-01
 2.329951810515372e-01  5.316621550294063e+01  5.288817843812654e+01  3.001144803694759e-01  2.985450071910526e-01
 1.842069969326716e-01  8.092787906280340e+01  8.065823672431850e+01  3.611674022416431e-01  3.599640342051549e-01
 1.456348477501244e-01  1.212340403022601e+02  1.209638948663362e+02  4.277540689149672e-01  4.268009058501454e-01
 1.151395399326448e-01  1.782706900105675e+02  1.780204803050026e+02  4.972888245965564e-01  4.965908607844700e-01
 9.102981779915217e-02  2.561450741673770e+02  2.558949483947432e+02  5.649030848230239e-01  5.643514567231517e-01
 7.196856730011521e-02  3.594192259437033e+02  3.591712916675466e+02  6.266837391675465e-01  6.262514407037074e-01
 5.689866029018299e-02  4.944656624778660e+02  4.942237997945855e+02  6.816201854577153e-01  6.812867781060160e-01
 4.498432668969444e-02  6.701410702061042e+02  6.699076839506508e+02  7.303511605508283e-01  7.300968052663885e-01
 3.556480306223128e-02  8.978925809065682e+02  8.976678103884765e+02  7.736580621331514e-01  7.734643913899585e-01
 2.811768697974231e-02  1.191859593740488e+03  1.191642572808855e+03  8.119119860001459e-01  8.117641482040404e-01
 2.222996482526196e-02  1.569439669649112e+03  1.569229401360667e+03  8.452548387726400e-01  8.451415943506425e-01
 1.757510624854793e-02  2.052252697663075e+03  2.052048165063330e+03  8.738422899374518e-01  8.737552006450214e-01
 1.389495494373137e-02  2.667407110846631e+03  2.667207514667406e+03  8.979470164433323e-01  8.978798250525246e-01
 1.098541141987558e-02  3.449079497129100e+03  3.448884420644458e+03  9.179600803861180e-01  9.179081614826331e-01
 8.685113737513529e-03  4.440548017026249e+03  4.440358285630989e+03  9.343645333739110e-01  9.343246107594233e-01
 6.866488450042998e-03  5.696683131353593e+03  5.696497533960016e+03  9.476784858911106e-01  9.476476106163454e-01
 5.428675439323859e-03  7.287012158218663e+03  7.286830837774657e+03  9.584018338001455e-01  9.583779861871229e-01
 4.291934260128779e-03  9.299596876661009e+03  9.299423866445903e+03  9.669888101436501e-01  9.669708202302950e-01
 3.393221771895330e-03  1.184593918866282e+04  1.184577192066380e+04  9.738364101768449e-01  9.738226593323484e-01
 2.682695795279727e-03  1.506717403291802e+04  1.506701197935793e+04  9.792813813000965e-01  9.792708487321564e-01
 2.120950887920190e-03  1.914188868214758e+04  1.914173107976811e+04  9.836025882783882e-01  9.835944899077970e-01
 1.676832936811008e-03  2.429602158976874e+04  2.429586768074354e+04  9.870274367714850e-01  9.870211842074561e-01
 1.325711365590109e-03  3.081538842015763e+04  3.081523764928135e+04  9.897394706409991e-01  9.897346281290292e-01
 1.048113134154685e-03  3.906152973513985e+04  3.906138182899470e+04  9.918858044178872e-01  9.918820486508512e-01
 8.286427728546842e-04  4.949175914474994e+04  4.949161403755191e+04  9.935838002765965e-01  9.935808871418896e-01
 6.551285568595509e-04  6.268452357615902e+04  6.268438125005655e+04  9.949267883365094e-01  9.949245293410834e-01
 5.179474679231213e-04  7.937148206086428e+04  7.937134239470692e+04  9.959888311559774e-01  9.959870785626126e-01
 4.094915062380428e-04  1.004780820784346e+05  1.004779476191860e+05  9.968286209752663e-01  9.968272870243730e-01
 3.237457542817643e-04  1.271748836950173e+05  1.271747516048171e+05  9.974926289029874e-01  9.974915928572109e-01
 2.559547922699536e-04  1.609424778019008e+05  1.609423461932295e+05  9.980176293601783e-01  9.980168132439114e-01
 2.023589647725158e-04  2.036535986921476e+05  2.036534673912902e+05  9.984327132840239e-01  9.984320695680663e-01
 1.599858719606057e-04  2.576769848470427e+05  2.576768537412225e+05  9.987608884865745e-01  9.987603803179249e-01
 1.264855216855296e-04  3.260087479567430e+05  3.260086169738840e+05  9.990203492019496e-01  9.990199478184212e-01
 1.000000000000000e-04  4.124385358144553e+05  4.124384049088737e+05  9.992254819306912e-01  9.992251647823610e-01
