 1.000000000000000e+01 -7.001773249726284e-05 -1.350355260285596e-04 -6.682542337519479e-06 -1.288788693336134e-05
 7.906043210907701e+00 -1.787439737483965e-04 -5.845780520132848e-04 -1.348727675416965e-05 -4.410982818931140e-05
 6.250551925273976e+00 -2.149680185823399e-04 -1.922826369337827e-03 -1.282407052076360e-05 -1.147075789328500e-04
 4.941713361323838e+00 -4.017808444700677e-05 -3.931629285858662e-03 -1.894961780144802e-06 -1.854316185787002e-04
 3.906939937054621e+00  1.386959312497993e-03 -7.001061683837406e-03  5.171709621638485e-05 -2.610563824455293e-04
 3.088843596477485e+00  5.396815227385332e-03 -1.160695240028531e-02  1.590988880538601e-04 -3.421746238798225e-04
 2.442053094548650e+00  1.753635616566385e-02 -1.226705189199606e-02  4.087221143106894e-04 -2.859097601742724e-04
 1.930697728883250e+00  8.385723262594524e-02  3.520074807747164e-02  1.545213481680846e-03  6.486342178400404e-04
 1.526417967175233e+00  3.690941759149098e-01  2.889592619162329e-01  5.377053263544916e-03  4.209628446362720e-03
 1.206792640639329e+00  1.147850902748559e+00  1.024225018760802e+00  1.322061961802720e-02  1.179673191342127e-02
 9.540954763499944e-01  2.527422895209810e+00  2.358133753097121e+00  2.301459987718764e-02  2.147306051839645e-02
 7.543120063354622e-01  5.379434509669380e+00  5.157156378856342e+00  3.872766579607482e-02  3.712743938781009e-02
 5.963623316594643e-01  1.167774030919972e+01  1.139440807012519e+01  6.646648220569412e-02  6.485383312050162e-02
 4.714866363457395e-01  2.404853743885039e+01  2.370735470608005e+01  1.082160639148156e-01  1.066807750220924e-01
 3.727593720314942e-01  4.176223534181688e+01  4.137177442310414e+01  1.485750840487591e-01  1.471859638701892e-01
 2.947051702551809e-01  7.007984130077486e+01  6.966116208986054e+01  1.971126703662751e-01  1.959350567222034e-01
 2.329951810515372e-01  1.165542173873643e+02  1.160880664328607e+02  2.591842507031076e-01  2.581476602770741e-01
 1.842069969326716e-01  1.873184410832751e+02  1.867904791965903e+02  3.293216889210127e-01  3.283934871956327e-01
 1.456348477501244e-01  2.872708572043632e+02  2.866796313853487e+02  3.992919487032581e-01  3.984701747450663e-01
 1.151395399326448e-01  4.242575600877414e+02  4.235656532695835e+02  4.662166254547360e-01  4.654562890642095e-01
 9.102981779915217e-02  6.119827147739240e+02  6.112548470143432e+02  5.316875684553993e-01  5.310552005307733e-01
 7.196856730011521e-02  8.666787317354858e+02  8.659307697592359e+02  5.952983420771302e-01  5.947845870856967e-01
 5.689866029018299e-02  1.205129362687420e+03  1.204375969370625e+03  6.544393213994275e-01  6.540301950215831e-01
 4.498432668969444e-02  1.647182605822873e+03  1.646435055885368e+03  7.071908757964007e-01  7.068699274734056e-01
 3.556480306223128e-02  2.219236099752330e+03  2.218504155193247e+03  7.532820058469887e-01  7.530335596966686e-01
 2.811768697974231e-02  2.956583317513001e+03  2.955868037645903e+03  7.934204512351569e-01  7.932285007254076e-01
 2.222996482526196e-02  3.904332635573146e+03  3.903634092645802e+03  8.283602742608248e-01  8.282120683406617e-01
 1.757510624854793e-02  5.118677826663203e+03  5.117992779719208e+03  8.585971282185368e-01  8.584822197678145e-01
 1.389495494373137e-02  6.669539892675073e+03  6.668864070531737e+03  8.844773059020613e-01  8.843876821261748e-01
 1.098541141987558e-02  8.644457664099215e+03  8.643790437071491e+03  9.063329203937099e-01  9.062629646088475e-01
 8.685113737513529e-03  1.115364807963118e+04  1.115298606460650e+04  9.245408917996364e-01  9.244860164837811e-01
 6.866488450042998e-03  1.433638334578651e+04  1.433572423545547e+04  9.395242105095374e-01  9.394810162046364e-01
 5.428675439323859e-03  1.836895190338078e+04  1.836829472809106e+04  9.517259944307961e-01  9.516919450844090e-01
 4.291934260128779e-03  2.347463588375213e+04  2.347398017673930e+04  9.615804003087626e-01  9.615535408927101e-01
 3.393221771895330e-03  2.993620483305694e+04  2.993555041914573e+04  9.694885034219517e-01  9.694673101288496e-01
 2.682695795279727e-03  3.811166278220840e+04  3.811100923923658e+04  9.758049176651560e-01  9.757881844554438e-01
 2.120950887920190e-03  4.845414022799559e+04  4.845348725651384e+04  9.808332521443814e-01  9.808200343648689e-01
 1.676832936811008e-03  6.153702314122501e+04  6.153637061247588e+04  9.848270212542896e-01  9.848165783061019e-01
 1.325711365590109e-03  7.808573566791468e+04  7.808508354516032e+04  9.879941261624297e-01  9.879858750593909e-01
 1.048113134154685e-03  9.901795735552919e+04  9.901730563780617e+04  9.905030177693035e-01  9.904964984632240e-01
 8.286427728546842e-04  1.254945071333868e+05  1.254938558287663e+05  9.924890888845388e-01  9.924839379600550e-01
 6.551285568595509e-04  1.589837135108704e+05  1.589830626262192e+05  9.940605624864873e-01  9.940564927692298e-01
 5.179474679231213e-04  2.013428409713647e+05  2.013421915117470e+05  9.953036192634884e-01  9.953004087718468e-01
 4.094915062380428e-04  2.549210855016982e+05  2.549204365812964e+05  9.962867025936445e-01  9.962841664724517e-01
 3.237457542817643e-04  3.226898588084424e+05  3.226892102777627e+05  9.970640907309520e-01  9.970620868667623e-01
 2.559547922699536e-04  4.084075775914905e+05  4.084069293443486e+05  9.976787761193823e-01  9.976771925483355e-01
 2.023589647725158e-04  5.168281018618833e+05  5.168274538314686e+05  9.981647886178946e-01  9.981635370583537e-01
 1.599858719606057e-04  6.539643807559184e+05  6.539637330297987e+05  9.985490522881117e-01  9.985480632643636e-01
 1.264855216855296e-04  8.274219271453054e+05  8.274212797095175e+05  9.988528632002766e-01  9.988520816243124e-01
 1.000000000000000e-04  1.046820615284827e+06  1.046819968296943e+06  9.990930628469745e-01  9.990924453571228e-01
