 1.000000000000000e+01 -3.779357904143410e-05 -4.299616059633138e-05 -4.761300910360840e-05 -5.416731195658820e-05
 7.906043210907701e+00 -1.240947208227539e-04 -2.320815943850363e-04 -1.236004631119738e-04 -2.311572350183008e-04
 6.250551925273976e+00 -5.481879856059635e-04 -1.131428600801954e-03 -4.316735992068797e-04 -8.909495814905544e-04
 4.941713361323838e+00 -1.231260346925112e-03 -2.976218229301608e-03 -7.665404055086186e-04 -1.852891254127067e-03
 3.906939937054621e+00 -2.371236060687565e-03 -6.489775208580184e-03 -1.167129734552493e-03 -3.194287461324816e-03
 3.088843596477485e+00 -5.213627308775060e-03 -1.342515893629503e-02 -2.028819961103045e-03 -5.224238101003746e-03
 2.442053094548650e+00 -1.556328661743756e-02 -3.102860990791534e-02 -4.788108968812806e-03 -9.546079118238626e-03
 1.930697728883250e+00 -1.123796397043542e-02 -2.636420119021388e-02 -2.733439897165384e-03 -6.412634849142834e-03
 1.526417967175233e+00  5.780282348403354e-02  3.920368092933124e-02  1.111552884978966e-02  7.538898969326292e-03
 1.206792640639329e+00  1.739268819018935e-01  1.526905341410743e-01  2.644277150227747e-02  2.321412803301206e-02
 9.540954763499944e-01  3.999587778225173e-01  3.759094932313136e-01  4.807448907125186e-02  4.518379849672396e-02
 7.543120063354622e-01  7.485863447458367e-01  7.188639214418817e-01  7.113781621331980e-02  6.831330799025152e-02
 5.963623316594643e-01  1.399977453338026e+00  1.363152107956283e+00  1.051813773174197e-01  1.024146609405194e-01
 4.714866363457395e-01  2.653095290067421e+00  2.608694188320476e+00  1.575904313848366e-01  1.549530633247979e-01
 3.727593720314942e-01  4.828845142023154e+00  4.775392255649541e+00  2.267667926274325e-01  2.242565983173818e-01
 2.947051702551809e-01  8.202410305003363e+00  8.137695794656894e+00  3.045347475988604e-01  3.021320615173894e-01
 2.329951810515372e-01  1.299275363356689e+01  1.291563135795741e+01  3.813780995277452e-01  3.791143186747617e-01
 1.842069969326716e-01  1.946191847896662e+01  1.937538825347121e+01  4.516472596298667e-01  4.496391770627552e-01
 1.456348477501244e-01  2.809174521286639e+01  2.800224510547118e+01  5.154085692136344e-01  5.137664810504576e-01
 1.151395399326448e-01  3.966643985203484e+01  3.957868494898113e+01  5.753807409039107e-01  5.741078139327648e-01
 9.102981779915217e-02  5.518974085230593e+01  5.510522238188747e+01  6.329211904185521e-01  6.319519245716121e-01
 7.196856730011521e-02  7.583163798018812e+01  7.575019511035038e+01  6.875446421142519e-01  6.868062219734398e-01
 5.689866029018299e-02  1.029587899853868e+02  1.028797906857054e+02  7.380284076710998e-01  7.374621254978216e-01
 4.498432668969444e-02  1.382170043452350e+02  1.381398248842485e+02  7.833039353965343e-01  7.828665436601924e-01
 3.556480306223128e-02  1.836386568064053e+02  1.835628278715133e+02  8.227959089643961e-01  8.224561562211815e-01
 2.811768697974231e-02  2.417658937886264e+02  2.416911275461123e+02  8.564109947349836e-01  8.561461491394337e-01
 2.222996482526196e-02  3.158143924152793e+02  3.157405488280476e+02  8.844602135577713e-01  8.842534094459216e-01
 1.757510624854793e-02  4.098724332389053e+02  4.097994464584223e+02  9.075159718236174e-01  9.073543686914015e-01
 1.389495494373137e-02  5.291353247041473e+02  5.290631415324171e+02  9.262570073162508e-01  9.261306499072786e-01
 1.098541141987558e-02  6.801955871610057e+02  6.801241466217203e+02  9.413643440863805e-01  9.412654731473815e-01
 8.685113737513529e-03  8.714106642862522e+02  8.713398861796798e+02  9.534677073804777e-01  9.533902644000642e-01
 6.866488450042998e-03  1.113368277613448e+03  1.113298049697599e+03  9.631216488689335e-01  9.630608980576620e-01
 5.428675439323859e-03  1.419474312017164e+03  1.419404500925570e+03  9.707983356529017e-01  9.707505908709390e-01
 4.291934260128779e-03  1.806695998208151e+03  1.806626485651234e+03  9.768901976291382e-01  9.768526118175065e-01
 3.393221771895330e-03  2.296502152356323e+03  2.296432865245679e+03  9.817178998861587e-01  9.816882807557430e-01
 2.682695795279727e-03  2.916053022039254e+03  2.915983939951293e+03  9.855404477751402e-01  9.855171000543038e-01
 2.120950887920190e-03  3.699705909726523e+03  3.699637058414268e+03  9.885654398754676e-01  9.885470427300064e-01
 1.676832936811008e-03  4.690920113692494e+03  4.690851555030715e+03  9.909584399163861e-01  9.909439568761994e-01
 1.325711365590109e-03  5.944666810418589e+03  5.944598629628314e+03  9.928510642042303e-01  9.928396769604466e-01
 1.048113134154685e-03  7.530477493243528e+03  7.530409779470392e+03  9.943477287948955e-01  9.943387876571541e-01
 8.286427728546842e-04  9.536300003860377e+03  9.536232824006231e+03  9.955311648479934e-01  9.955241516837237e-01
 6.551285568595509e-04  1.207337599148103e+04  1.207330936594362e+04  9.964668705177826e-01  9.964613716299150e-01
 5.179474679231213e-04  1.528241028168861e+04  1.528234417555454e+04  9.972066755484345e-01  9.972023619959929e-01
 4.094915062380428e-04  1.934137428039285e+04  1.934130861555554e+04  9.977915807601623e-01  9.977881932127792e-01
 3.237457542817643e-04  2.447537616690728e+04  2.447531084622307e+04  9.982540133338206e-01  9.982513491608688e-01
 2.559547922699536e-04  3.096914526851631e+04  3.096908019836439e+04  9.986196155600574e-01  9.986175173319812e-01
 2.023589647725158e-04  3.918282299890510e+04  3.918275810199996e+04  9.989086623915919e-01  9.989070079400811e-01
 1.599858719606057e-04  4.957193612199299e+04  4.957187134066849e+04  9.991371839897645e-01  9.991358783028134e-01
 1.264855216855296e-04  6.271266004880096e+04  6.271259534276841e+04  9.993178540662235e-01  9.993168229842453e-01
 1.000000000000000e-04  7.933377325618724e+04  7.933370859845138e+04  9.994606925502537e-01  9.994598779808365e-01
