 1.000000000000000e+01 -2.939144922172066e-03 -4.160826884776325e-02 -1.028551656168759e-03 -1.456078382213793e-02
 7.906043210907701e+00 -3.479307242193475e-03 -6.095656413867401e-02 -9.626248571179828e-04 -1.686493883977933e-02
 6.250551925273976e+00 -4.300523374829002e-03 -8.499637337922250e-02 -9.406862307328524e-04 -1.859190408498643e-02
 4.941713361323838e+00 -5.517491085717641e-03 -1.078950451389988e-01 -9.541667935800796e-04 -1.865881931915548e-02
 3.906939937054621e+00 -6.809692852718374e-03 -1.293308295057574e-01 -9.310421991090467e-04 -1.768250969903435e-02
 3.088843596477485e+00 -6.540999202931719e-03 -1.472771228732159e-01 -7.070418519757176e-04 -1.591975269822104e-02
 2.442053094548650e+00 -2.921766697588257e-03 -1.610752364933847e-01 -2.496926415741490e-04 -1.376540478930526e-02
 1.930697728883250e+00  5.016005438713389e-03 -1.678818341160837e-01  3.389045438264290e-04 -1.134287374745141e-02
 1.526417967175233e+00  2.739203542578528e-02 -1.620758827748392e-01  1.463197266911480e-03 -8.657589150354699e-03
 1.206792640639329e+00  1.260781448084827e-01 -8.766412197428108e-02  5.324484535215776e-03 -3.702198049109655e-03
 9.540954763499944e-01  4.463844621021535e-01  1.998334654972536e-01  1.490410882795569e-02  6.672140206701491e-03
 7.543120063354622e-01  1.176160806721194e+00  8.972544751698064e-01  3.104722799369334e-02  2.368491119561862e-02
 5.963623316594643e-01  2.578665010098442e+00  2.327528938242498e+00  5.381585427117902e-02  4.857473059194631e-02
 4.714866363457395e-01  5.232189841972607e+00  5.014002600644520e+00  8.632925404471305e-02  8.272924289167237e-02
 3.727593720314942e-01  1.022016426729952e+01  1.001831482250600e+01  1.333188487825245e-01  1.306857858587351e-01
 2.947051702551809e-01  1.892786100067983e+01  1.872804930865778e+01  1.952065564365020e-01  1.931458612351808e-01
 2.329951810515372e-01  3.270201327743994e+01  3.249486274329616e+01  2.666407587692242e-01  2.649517258911888e-01
 1.842069969326716e-01  5.264484349086033e+01  5.242755083750513e+01  3.393650146108422e-01  3.379642786680424e-01
 1.456348477501244e-01  8.015352853802811e+01  7.993141648170922e+01  4.085009388994610e-01  4.073689490145227e-01
 1.151395399326448e-01  1.178722372380358e+02  1.176528388495628e+02  4.749425980404232e-01  4.740585761276396e-01
 9.102981779915217e-02  1.695700807995166e+02  1.693573206446254e+02  5.401793871145805e-01  5.395016222074125e-01
 7.196856730011521e-02  2.395301171316933e+02  2.393255049584275e+02  6.032649470642725e-01  6.027496241756435e-01
 5.689866029018299e-02  3.323572527829448e+02  3.321621080618875e+02  6.617779741566514e-01  6.613894089092035e-01
 4.498432668969444e-02  4.534666052114075e+02  4.532822601847499e+02  7.138576884862934e-01  7.135674882530209e-01
 3.556480306223128e-02  6.099814600716340e+02  6.098103395469557e+02  7.591754412037944e-01  7.589624666982964e-01
 2.811768697974231e-02  8.113910185032084e+02  8.112318691439498e+02  7.983896441513040e-01  7.982330449316826e-01
 2.222996482526196e-02  1.069945963333603e+03  1.069798256070974e+03  8.323495082630574e-01  8.322346014624992e-01
 1.757510624854793e-02  1.401034435711041e+03  1.400897069952936e+03  8.616916334968496e-01  8.616071481184244e-01
 1.389495494373137e-02  1.823827427999123e+03  1.823698251451320e+03  8.868414690746810e-01  8.867786565971049e-01
 1.098541141987558e-02  2.362282454191913e+03  2.362158998202392e+03  9.081409470925039e-01  9.080934864516103e-01
 8.685113737513529e-03  3.046488942630097e+03  3.046369382514388e+03  9.259344094251140e-01  9.258980709294836e-01
 6.866488450042998e-03  3.914425799793575e+03  3.914308905676546e+03  9.406062632137774e-01  9.405781744609861e-01
 5.428675439323859e-03  5.014164722807849e+03  5.014049645828009e+03  9.525714958898293e-01  9.525496340131483e-01
 4.291934260128779e-03  6.406593406217685e+03  6.406479549809987e+03  9.622442638287785e-01  9.622271630595771e-01
 3.393221771895330e-03  8.168823345740487e+03  8.168710293230847e+03  9.700114405259755e-01  9.699980160432699e-01
 2.682695795279727e-03  1.039848670741881e+04  1.039837417466040e+04  9.762176979521231e-01  9.762071332927211e-01
 2.120950887920190e-03  1.321916047365325e+04  1.321904827248719e+04  9.811594569408620e-01  9.811511290871090e-01
 1.676832936811008e-03  1.678721968271871e+04  1.678710769143938e+04  9.850849338327045e-01  9.850783621118315e-01
 1.325711365590109e-03  2.130050569320864e+04  2.130039383429640e+04  9.881980689596245e-01  9.881928794696345e-01
 1.048113134154685e-03  2.700929418608473e+04  2.700918240300426e+04  9.906642836977675e-01  9.906601836459638e-01
 8.286427728546842e-04  3.423017204716427e+04  3.423006031542976e+04  9.926166052424804e-01  9.926133652127529e-01
 6.551285568595509e-04  4.336359252146233e+04  4.336348082203241e+04  9.941613901520708e-01  9.941588293111887e-01
 5.179474679231213e-04  5.491608217016230e+04  5.491597049076834e+04  9.953833402376920e-01  9.953813159889875e-01
 4.094915062380428e-04  6.952833110641671e+04  6.952821944016810e+04  9.963497364733619e-01  9.963481362819637e-01
 3.237457542817643e-04  8.801072431544846e+04  8.801061265704606e+04  9.971139311288576e-01  9.971126660995169e-01
 2.559547922699536e-04  1.113882845116175e+05  1.113881728582137e+05  9.977181848832730e-01  9.977171847903831e-01
 2.023589647725158e-04  1.409575189489859e+05  1.409574072986978e+05  9.981959492194911e-01  9.981951585637950e-01
 1.599858719606057e-04  1.783583228066320e+05  1.783582111583668e+05  9.985736909219908e-01  9.985730658375064e-01
 1.264855216855296e-04  2.256649268207705e+05  2.256648151736737e+05  9.988723446175797e-01  9.988718504282570e-01
 1.000000000000000e-04  2.855009330382234e+05  2.855008213918940e+05  9.991084662037614e-01  9.991080754982331e-01
