 1.000000000000000e+01 -3.264832774053872e-03 -2.435492248006454e-02 -7.091539983294049e-04 -5.290130261187916e-03
 7.906043210907701e+00 -3.733176934989757e-03 -3.341091398662144e-02 -6.410875929462711e-04 -5.737558867103846e-03
 6.250551925273976e+00 -4.069159736506123e-03 -4.935670111959922e-02 -5.524623931331469e-04 -6.701069258368306e-03
 4.941713361323838e+00 -5.268083707111515e-03 -7.397976296821440e-02 -5.654703428675262e-04 -7.940906837608265e-03
 3.906939937054621e+00 -8.939515451690028e-03 -1.077739179062647e-01 -7.586305513192081e-04 -9.145975215424422e-03
 3.088843596477485e+00 -1.701293472234866e-02 -1.549403274672514e-01 -1.141444417493002e-03 -1.039537121127662e-02
 2.442053094548650e+00 -2.453769096456782e-02 -2.074528592603784e-01 -1.301572634382689e-03 -1.100409019445436e-02
 1.930697728883250e+00 -5.025165155135625e-03 -2.182799481894691e-01 -2.107386724117084e-04 -9.153933268946203e-03
 1.526417967175233e+00  6.659505582359415e-02 -1.557833208916364e-01  2.207979674046798e-03 -5.165044188796642e-03
 1.206792640639329e+00  2.382399048171315e-01  1.651911963343622e-02  6.244918491744779e-03  4.330112360705239e-04
 9.540954763499944e-01  6.912151946136724e-01  4.671043228145990e-01  1.432467335597306e-02  9.680222454053346e-03
 7.543120063354622e-01  1.853701771095924e+00  1.628939074989681e+00  3.037179778513284e-02  2.668919508052182e-02
 5.963623316594643e-01  4.242172141786963e+00  4.072636358124406e+00  5.495131708246478e-02  5.275522171115792e-02
 4.714866363457395e-01  8.349979871842091e+00  8.248979621315890e+00  8.551345050365931e-02  8.447909113312299e-02
 3.727593720314942e-01  1.551087446992136e+01  1.544798513571103e+01  1.255869371682951e-01  1.250777409344306e-01
 2.947051702551809e-01  2.812438344102059e+01  2.807587881942126e+01  1.800322792873062e-01  1.797217872332916e-01
 2.329951810515372e-01  4.888083814950068e+01  4.883286167378795e+01  2.473803486336374e-01  2.471375451601837e-01
 1.842069969326716e-01  8.018832770387229e+01  8.013307372731001e+01  3.208461951042814e-01  3.206251151958706e-01
 1.456348477501244e-01  1.242131751519450e+02  1.241509520611938e+02  3.929276437604849e-01  3.927308114002587e-01
 1.151395399326448e-01  1.843963112326837e+02  1.843349598645842e+02  4.611649935570501e-01  4.610115571727473e-01
 9.102981779915217e-02  2.665623312875181e+02  2.665079095808556e+02  5.270624371104480e-01  5.269548313688314e-01
 7.196856730011521e-02  3.779814668740723e+02  3.779370249937706e+02  5.908714113713838e-01  5.908019385563408e-01
 5.689866029018299e-02  5.264969371406499e+02  5.264646740365764e+02  6.506950519697140e-01  6.506551781533613e-01
 4.498432668969444e-02  7.210050016345883e+02  7.209874619371992e+02  7.044969485339143e-01  7.044798104235532e-01
 3.556480306223128e-02  9.727743194493540e+02  9.727746886744463e+02  7.514708169085720e-01  7.514711021359636e-01
 2.811768697974231e-02  1.296772937541498e+03  1.296794413985556e+03  7.919962857185638e-01  7.920094023278266e-01
 2.222996482526196e-02  1.712571800571207e+03  1.712616034885061e+03  8.269270118035540e-01  8.269483706446619e-01
 1.757510624854793e-02  2.244996303454836e+03  2.245060849657246e+03  8.570244337641596e-01  8.570490741934053e-01
 1.389495494373137e-02  2.925035427842260e+03  2.925115513421871e+03  8.828113088611833e-01  8.828354796642731e-01
 1.098541141987558e-02  3.791421734929255e+03  3.791512517865253e+03  9.046863472256210e-01  9.047080093061016e-01
 8.685113737513529e-03  4.892749084214868e+03  4.892846419585733e+03  9.230135337283563e-01  9.230318959748300e-01
 6.866488450042998e-03  6.290258975343525e+03  6.290360244220700e+03  9.381727932473788e-01  9.381878971891626e-01
 5.428675439323859e-03  8.061407196171214e+03  8.061510881433810e+03  9.505705402404598e-01  9.505827664130972e-01
 4.291934260128779e-03  1.030427539160611e+04  1.030438058327987e+04  9.606167006737411e-01  9.606265071739309e-01
 3.393221771895330e-03  1.314307209390862e+04  1.314317823450446e+04  9.686987725828489e-01  9.687065955837555e-01
 2.682695795279727e-03  1.673506260681748e+04  1.673516935662421e+04  9.751656263008620e-01  9.751718466983941e-01
 2.120950887920190e-03  2.127931442202102e+04  2.127942158175346e+04  9.803199895984083e-01  9.803249263565060e-01
 1.676832936811008e-03  2.702774206165951e+04  2.702784952711186e+04  9.844171608254374e-01  9.844210749827965e-01
 1.325711365590109e-03  3.429907281899737e+04  3.429918055057155e+04  9.876679799747309e-01  9.876710821876333e-01
 1.048113134154685e-03  4.349651635468350e+04  4.349662434342309e+04  9.902440766956173e-01  9.902465351731849e-01
 8.286427728546842e-04  5.513012081312406e+04  5.513022903483918e+04  9.922838100854300e-01  9.922857579617312e-01
 6.551285568595509e-04  6.984505520697260e+04  6.984516359975463e+04  9.938979846682299e-01  9.938995271019396e-01
 5.179474679231213e-04  8.845738631620571e+04  8.845749481349275e+04  9.951749408157337e-01  9.951761614462057e-01
 4.094915062380428e-04  1.119993345010862e+05  1.119994430453962e+05  9.961848999674255e-01  9.961858654213993e-01
 3.237457542817643e-04  1.417765182540053e+05  1.417766268201372e+05  9.969835733622453e-01  9.969843368077823e-01
 2.559547922699536e-04  1.794403619097263e+05  1.794404704898676e+05  9.976151049729642e-01  9.976157086341914e-01
 2.023589647725158e-04  2.270796819727754e+05  2.270797905424359e+05  9.981144446279063e-01  9.981149218390134e-01
 1.599858719606057e-04  2.873365313270674e+05  2.873366399092888e+05  9.985092485038876e-01  9.985096258327009e-01
 1.264855216855296e-04  3.635527258652722e+05  3.635528344380736e+05  9.988213939162551e-01  9.988216922081647e-01
 1.000000000000000e-04  4.599551798196151e+05  4.599552883928780e+05  9.990681832576407e-01  9.990684190895158e-01
