 1.000000000000000e+01 -1.002667147248104e-01 -1.344957621040983e-01 -1.457512540306051e-02 -1.955078117626171e-02
 7.906043210907701e+00 -1.008078629823359e-01 -1.386421625261853e-01 -1.158534861422673e-02 -1.593345735121464e-02
 6.250551925273976e+00 -1.014194619595656e-01 -1.445740408380978e-01 -9.214996705916634e-03 -1.313603212187494e-02
 4.941713361323838e+00 -1.021392285141047e-01 -1.522023350046773e-01 -7.337120284205572e-03 -1.093337844540364e-02
 3.906939937054621e+00 -1.035517273847546e-01 -1.693950951933409e-01 -5.880978576404932e-03 -9.620398915013938e-03
 3.088843596477485e+00 -1.100125267290224e-01 -1.995374693947731e-01 -4.939620366616236e-03 -8.959337423030607e-03
 2.442053094548650e+00 -1.825314501789563e-01 -2.130568251571283e-01 -6.479601853355188e-03 -7.563208410411559e-03
 1.930697728883250e+00 -1.815669498176504e-01 -2.700460201934227e-01 -5.095732225269069e-03 -7.578924516754285e-03
 1.526417967175233e+00 -1.135037362560780e-01 -2.899664402194055e-01 -2.518483684708390e-03 -6.433935770695285e-03
 1.206792640639329e+00  1.139809762814110e-01 -1.724281233357949e-01  1.999496002921112e-03 -3.024797248182005e-03
 9.540954763499944e-01  7.288310103726161e-01  4.379898614958613e-01  1.010820856446132e-02  6.074512206685925e-03
 7.543120063354622e-01  2.364404436254219e+00  2.081890173025112e+00  2.592556922906337e-02  2.282781531808377e-02
 5.963623316594643e-01  6.037588397400825e+00  5.715852262887847e+00  5.233945802265493e-02  4.955034856399049e-02
 4.714866363457395e-01  1.283132412915045e+01  1.254439710269271e+01  8.794200809326969e-02  8.597549718379938e-02
 3.727593720314942e-01  2.383673705377366e+01  2.357358053098205e+01  1.291608492477026e-01  1.277349191847011e-01
 2.947051702551809e-01  4.264187232589090e+01  4.238581063573015e+01  1.826751763721503e-01  1.815782237323887e-01
 2.329951810515372e-01  7.349547397012195e+01  7.323455317868520e+01  2.489218663175096e-01  2.480381535273603e-01
 1.842069969326716e-01  1.201014708862107e+02  1.198233284423861e+02  3.215955001987206e-01  3.208507186595085e-01
 1.456348477501244e-01  1.857026484780583e+02  1.854033269710039e+02  3.931324731736804e-01  3.924988095974914e-01
 1.151395399326448e-01  2.754646645955904e+02  2.751550238082455e+02  4.610477446399255e-01  4.605294960040671e-01
 9.102981779915217e-02  3.983230901516899e+02  3.980115073260530e+02  5.270777346338377e-01  5.266654352368207e-01
 7.196856730011521e-02  5.650698637524898e+02  5.647591794297541e+02  5.911538441120116e-01  5.908288184055071e-01
 5.689866029018299e-02  7.871538781765122e+02  7.868467286698235e+02  6.510542751191967e-01  6.508002320343889e-01
 4.498432668969444e-02  1.077728878287891e+03  1.077428835449766e+03  7.047356791082408e-01  7.045394786560235e-01
 3.556480306223128e-02  1.453736313702357e+03  1.453446840175999e+03  7.515563731527850e-01  7.514067203776956e-01
 2.811768697974231e-02  1.937821180702407e+03  1.937544373665571e+03  7.920430820544183e-01  7.919299430812392e-01
 2.222996482526196e-02  2.559414472799315e+03  2.559150684541666e+03  8.270559905148898e-01  8.269707492766946e-01
 1.757510624854793e-02  3.355533056358227e+03  3.355281728564640e+03  8.572648075749627e-01  8.572005988579007e-01
 1.389495494373137e-02  4.372361162144411e+03  4.372121609432670e+03  8.831382306199497e-01  8.830898452853121e-01
 1.098541141987558e-02  5.667657787963397e+03  5.667431526718785e+03  9.050560190863268e-01  9.050198879173355e-01
 8.685113737513529e-03  7.313922348160475e+03  7.313711898418447e+03  9.233819270642855e-01  9.233553578064928e-01
 6.866488450042998e-03  9.402625798401048e+03  9.402434566443713e+03  9.385109869622110e-01  9.384918993906257e-01
 5.428675439323859e-03  1.204952179440334e+04  1.204935189584178e+04  9.508657485479480e-01  9.508523413168840e-01
 4.291934260128779e-03  1.540118983178931e+04  1.540103746301532e+04  9.608660522230487e-01  9.608565460755401e-01
 3.393221771895330e-03  1.964324772313423e+04  1.964310655915001e+04  9.689046790930311e-01  9.688977161688368e-01
 2.682695795279727e-03  2.501070986348290e+04  2.501057496996932e+04  9.753330962620098e-01  9.753278358712020e-01
 2.120950887920190e-03  3.180105178524899e+04  3.180092048197074e+04  9.804548766951651e-01  9.804508284976289e-01
 1.676832936811008e-03  4.039071059940370e+04  4.039058160777906e+04  9.845251265934792e-01  9.845219824176601e-01
 1.325711365590109e-03  5.125595406136571e+04  5.125582673609232e+04  9.877540431723553e-01  9.877515894856395e-01
 1.048113134154685e-03  6.499928508363697e+04  6.499915902702997e+04  9.903124932729674e-01  9.903105727067242e-01
 8.286427728546842e-04  8.238284835099486e+04  8.238272326105335e+04  9.923380977765274e-01  9.923365910124730e-01
 6.551285568595509e-04  1.043706919426014e+05  1.043705675623159e+05  9.939410055952551e-01  9.939398210992647e-01
 5.179474679231213e-04  1.321822277339825e+05  1.321821038438130e+05  9.952090026446121e-01  9.952080698670815e-01
 4.094915062380428e-04  1.673598553669674e+05  1.673597317950312e+05  9.962118526616283e-01  9.962111170979698e-01
 3.237457542817643e-04  2.118545000658729e+05  2.118543766923588e+05  9.970048931473813e-01  9.970043125413653e-01
 2.559547922699536e-04  2.681338080511178e+05  2.681336847995102e+05  9.976319655965918e-01  9.976315070205384e-01
 2.023589647725158e-04  3.393189997816049e+05  3.393188766046966e+05  9.981277771562354e-01  9.981274148237583e-01
 1.599858719606057e-04  4.293579705883585e+05  4.293578474574051e+05  9.985197904380315e-01  9.985195040832828e-01
 1.264855216855296e-04  5.432442386034835e+05  5.432441155008927e+05  9.988297289929351e-01  9.988295026517819e-01
 1.000000000000000e-04  6.872938826313819e+05  6.872937595463636e+05  9.990747732786737e-01  9.990745943579240e-01
