 1.000000000000000e+01 -8.630778521023785e-05 -5.412582696919799e-04 -1.941643767442102e-05 -1.217654633778353e-04
 7.906043210907701e+00 -3.221987489894218e-04 -1.230501544057461e-03 -5.730633239149427e-05 -2.188572448315710e-04
 6.250551925273976e+00 -5.927248739112656e-04 -2.386294066610617e-03 -8.334721664148069e-05 -3.355536055499675e-04
 4.941713361323838e+00 -7.761745632706152e-04 -4.051590548840522e-03 -8.628921894672205e-05 -4.504252013596041e-04
 3.906939937054621e+00 -1.042745567360726e-03 -6.289720490201489e-03 -9.165046400244343e-05 -5.528249837893815e-04
 3.088843596477485e+00 -2.261622472786939e-03 -1.275721878636205e-02 -1.571576804374413e-04 -8.864852279377239e-04
 2.442053094548650e+00 -2.494422280983599e-02 -6.980865682825765e-02 -1.370391512360588e-03 -3.835164219629029e-03
 1.930697728883250e+00 -4.883086143811965e-02 -9.928241924308168e-02 -2.120939363899794e-03 -4.312272708575892e-03
 1.526417967175233e+00  3.559145647059836e-02 -3.149722522448428e-02  1.222190238912092e-03 -1.081596681888563e-03
 1.206792640639329e+00  4.116189753343917e-01  3.174737120966142e-01  1.117500230120142e-02  8.619061986558025e-03
 9.540954763499944e-01  1.073301901773590e+00  9.314439314450453e-01  2.303739223000324e-02  1.999254744028420e-02
 7.543120063354622e-01  2.376757467053636e+00  2.209644886682582e+00  4.033253026607461e-02  3.749670317850361e-02
 5.963623316594643e-01  5.137123869370015e+00  4.944612024626679e+00  6.892072271059474e-02  6.633794374566243e-02
 4.714866363457395e-01  1.061992616850597e+01  1.039444818733119e+01  1.126446230852601e-01  1.102529979646655e-01
 3.727593720314942e-01  2.023406786338384e+01  2.001765338033704e+01  1.696802731529267e-01  1.678654493198959e-01
 2.947051702551809e-01  3.528697592703801e+01  3.503636551692168e+01  2.339493146325668e-01  2.322877913043073e-01
 2.329951810515372e-01  5.667914776506976e+01  5.640964778847385e+01  2.970912296183003e-01  2.956786099409395e-01
 1.842069969326716e-01  8.667609536899030e+01  8.640812794397846e+01  3.591906657456037e-01  3.580801935054966e-01
 1.456348477501244e-01  1.299862212017788e+02  1.297170926756644e+02  4.258750580300794e-01  4.249933097523249e-01
 1.151395399326448e-01  1.913359217883539e+02  1.910804481318084e+02  4.956105969950431e-01  4.949488527169504e-01
 9.102981779915217e-02  2.751051804413408e+02  2.748483048257115e+02  5.633807751426407e-01  5.628547262212196e-01
 7.196856730011521e-02  3.862194458316591e+02  3.859639362408694e+02  6.253117284712185e-01  6.248980435944417e-01
 5.689866029018299e-02  5.315499381694337e+02  5.313008342517242e+02  6.804021758201554e-01  6.800833142505376e-01
 4.498432668969444e-02  7.206680152249139e+02  7.204286464571977e+02  7.293165233620671e-01  7.290742820057363e-01
 3.556480306223128e-02  9.659098658565006e+02  9.656805963667083e+02  7.728168651923712e-01  7.726334284819196e-01
 2.811768697974231e-02  1.282494782197563e+03  1.282273767731609e+03  8.112501304999972e-01  8.111103264112507e-01
 2.222996482526196e-02  1.689140937263008e+03  1.688926140739430e+03  8.447423041037295e-01  8.446348839907964e-01
 1.757510624854793e-02  2.209117576957010e+03  2.208907301294429e+03  8.734466255069704e-01  8.733634861712359e-01
 1.389495494373137e-02  2.871607487298437e+03  2.871400490016723e+03  8.976391810474598e-01  8.975744755223284e-01
 1.098541141987558e-02  3.713420188450496e+03  3.713215522868925e+03  9.177195884117652e-01  9.176690081909045e-01
 8.685113737513529e-03  4.781169314228946e+03  4.780966237212931e+03  9.341770950639431e-01  9.341374165074170e-01
 6.866488450042998e-03  6.133942300570605e+03  6.133740268777156e+03  9.475321645553820e-01  9.475009559764331e-01
 5.428675439323859e-03  7.846609616747173e+03  7.846408282249037e+03  9.582867972378463e-01  9.582622087594058e-01
 4.291934260128779e-03  1.001400824385938e+04  1.001380811760093e+04  9.668978327314658e-01  9.668785096351730e-01
 3.393221771895330e-03  1.275622238659690e+04  1.275602301918650e+04  9.737644330563371e-01  9.737492140606604e-01
 2.682695795279727e-03  1.622524466466399e+04  1.622504576274269e+04  9.792244842121991e-01  9.792124801016098e-01
 2.120950887920190e-03  2.061339967261177e+04  2.061320130289805e+04  9.835576419500641e-01  9.835481768423689e-01
 1.676832936811008e-03  2.616400511957204e+04  2.616380738968790e+04  9.869919313291663e-01  9.869844723105895e-01
 1.325711365590109e-03  3.318486214072411e+04  3.318466520432653e+04  9.897114128458562e-01  9.897055393786269e-01
 1.048113134154685e-03  4.206532211650618e+04  4.206512618498161e+04  9.918636241171295e-01  9.918590042225877e-01
 8.286427728546842e-04  5.329787675183899e+04  5.329768209535480e+04  9.935662623195434e-01  9.935626335799534e-01
 6.551285568595509e-04  6.750546898654260e+04  6.750527589598086e+04  9.949129193636909e-01  9.949100735454575e-01
 5.179474679231213e-04  8.547603936504865e+04  8.547584807536766e+04  9.959778628216061e-01  9.959756338895092e-01
 4.094915062380428e-04  1.082062236561602e+05  1.082060342661355e+05  9.968199462011286e-01  9.968182014978406e-01
 3.237457542817643e-04  1.369566250235656e+05  1.369564374589966e+05  9.974857678685679e-01  9.974844017938121e-01
 2.559547922699536e-04  1.733217259851911e+05  1.733215400293355e+05  9.980122027841563e-01  9.980111320227613e-01
 2.023589647725158e-04  2.193183173447659e+05  2.193181327181804e+05  9.984284213325376e-01  9.984275808353436e-01
 1.599858719606057e-04  2.774973482587746e+05  2.774971647068964e+05  9.987574940644525e-01  9.987568334317830e-01
 1.264855216855296e-04  3.510854005837604e+05  3.510852180010838e+05  9.990176648324249e-01  9.990171452912566e-01
 1.000000000000000e-04  4.441636334211004e+05  4.441634516960593e+05  9.992233591161820e-01  9.992229502940896e-01
