 1.000000000000000e+01 -6.399812101970070e-02 -4.744395740986107e-02 -2.015648686900081e-02 -1.494268096169443e-02
 7.906043210907701e+00 -6.440897181264660e-02 -4.815073181919871e-02 -1.603810921977084e-02 -1.198973798517576e-02
 6.250551925273976e+00 -6.473785505557572e-02 -4.890480787953067e-02 -1.274454367413888e-02 -9.627588979600721e-03
 4.941713361323838e+00 -6.568258285634698e-02 -5.060985845739907e-02 -1.022293006984573e-02 -7.876989931810916e-03
 3.906939937054621e+00 -6.652607915263076e-02 -5.313866100741649e-02 -8.186085559920403e-03 -6.538753389453519e-03
 3.088843596477485e+00 -6.798848435767724e-02 -5.690532457354180e-02 -6.614223937614264e-03 -5.536004567948986e-03
 2.442053094548650e+00 -6.658254427339472e-02 -5.992614012604491e-02 -5.121098217207849e-03 -4.609130707044242e-03
 1.930697728883250e+00 -5.216103819439155e-02 -5.312694097370496e-02 -3.171817049182822e-03 -3.230551825355447e-03
 1.526417967175233e+00  2.403646977477081e-03 -1.140082766185202e-02  1.155558055491713e-04 -5.480970528273623e-04
 1.206792640639329e+00  1.331882465457497e-01  1.085206749056269e-01  5.062280096794964e-03  4.124703695057716e-03
 9.540954763499944e-01  4.785927568735175e-01  4.494607807657971e-01  1.438154600904029e-02  1.350614025182744e-02
 7.543120063354622e-01  1.428031834090170e+00  1.394816794527735e+00  3.392630218053463e-02  3.313719969539883e-02
 5.963623316594643e-01  3.628770148196359e+00  3.592584429605772e+00  6.815806948275781e-02  6.747840430109657e-02
 4.714866363457395e-01  7.902839241289932e+00  7.869790378457814e+00  1.173546093371044e-01  1.168638444020877e-01
 3.727593720314942e-01  1.515391348594095e+01  1.510707134214837e+01  1.779102588657806e-01  1.773603218521043e-01
 2.947051702551809e-01  2.563843134737782e+01  2.558205106412390e+01  2.379725266377422e-01  2.374492123102508e-01
 2.329951810515372e-01  4.012864545598898e+01  4.010860033340185e+01  2.944754239988293e-01  2.943283271829293e-01
 1.842069969326716e-01  6.229659352379360e+01  6.227227492123968e+01  3.614248741677885e-01  3.612837854280868e-01
 1.456348477501244e-01  9.480472361163328e+01  9.477257553653382e+01  4.348534291933739e-01  4.347059713435285e-01
 1.151395399326448e-01  1.399937626168859e+02  1.399515988390415e+02  5.076691729639677e-01  5.075162715073089e-01
 9.102981779915217e-02  2.005481953501256e+02  2.005002122414630e+02  5.749764384515605e-01  5.748388697395784e-01
 7.196856730011521e-02  2.802388755965002e+02  2.801922876987798e+02  6.352122364771914e-01  6.351066365576914e-01
 5.689866029018299e-02  3.844972441060820e+02  3.844564258850442e+02  6.890375480855347e-01  6.889643998708928e-01
 4.498432668969444e-02  5.204375933790159e+02  5.204031515527470e+02  7.373564796771301e-01  7.373076824647566e-01
 3.556480306223128e-02  6.968254994273316e+02  6.967965046167317e+02  7.805344203689504e-01  7.805019424419746e-01
 2.811768697974231e-02  9.243526522740314e+02  9.243280218768235e+02  8.185871071541985e-01  8.185652949967401e-01
 2.222996482526196e-02  1.216218327169613e+03  1.216197166179903e+03  8.515260444232915e-01  8.515112287167184e-01
 1.757510624854793e-02  1.588922532448489e+03  1.588904219707288e+03  8.795252249539195e-01  8.795150881992975e-01
 1.389495494373137e-02  2.063226180354595e+03  2.063210369213810e+03  9.029248369971885e-01  9.029179176047089e-01
 1.098541141987558e-02  2.665391920938743e+03  2.665378521345542e+03  9.221997925111940e-01  9.221951563817106e-01
 8.685113737513529e-03  3.428729092957391e+03  3.428718262239981e+03  9.378994891485875e-01  9.378965264985644e-01
 6.866488450042998e-03  4.395475841406515e+03  4.395467970808353e+03  9.505789829519460e-01  9.505772808324336e-01
 5.428675439323859e-03  5.619150993204914e+03  5.619146663070293e+03  9.607539893120166e-01  9.607532489521088e-01
 4.291934260128779e-03  7.167531898914544e+03  7.167531803943979e+03  9.688807165383847e-01  9.688807037006114e-01
 3.393221771895330e-03  9.126420810615087e+03  9.126425698847039e+03  9.753496924095436e-01  9.753502148197666e-01
 2.682695795279727e-03  1.160440449975156e+04  1.160441515922514e+04  9.804871448163138e-01  9.804880454637203e-01
 2.120950887920190e-03  1.473887360838672e+04  1.473889083779323e+04  9.845607615485277e-01  9.845619124775642e-01
 1.676832936811008e-03  1.870363867762332e+04  1.870366308809789e+04  9.877874785501192e-01  9.877887677303444e-01
 1.325711365590109e-03  2.371856645345353e+04  2.371859819393872e+04  9.903416245061136e-01  9.903429497937833e-01
 1.048113134154685e-03  3.006177109481013e+04  3.006180987049992e+04  9.923624975473324e-01  9.923637775630790e-01
 8.286427728546842e-04  3.808503636533388e+04  3.808508182600332e+04  9.939609859356031e-01  9.939621723892902e-01
 6.551285568595509e-04  4.823332410158633e+04  4.823337529615103e+04  9.952251457274844e-01  9.952262020535633e-01
 5.179474679231213e-04  6.106945061924718e+04  6.106950660897655e+04  9.962247889417976e-01  9.962257023011902e-01
 4.094915062380428e-04  7.730529965024597e+04  7.730535936391617e+04  9.970152071529819e-01  9.970159772869511e-01
 3.237457542817643e-04  9.784130267380206e+04  9.784136507725217e+04  9.976401628914542e-01  9.976407991890752e-01
 2.559547922699536e-04  1.238163761679914e+05  1.238164404038319e+05  9.981342792710108e-01  9.981347971023051e-01
 2.023589647725158e-04  1.566710852268719e+05  1.566711506624869e+05  9.985249415527490e-01  9.985253585990314e-01
 1.599858719606057e-04  1.982275365317589e+05  1.982276027357051e+05  9.988338066530568e-01  9.988341402431359e-01
 1.264855216855296e-04  2.507904314809018e+05  2.507904981729357e+05  9.990779996128898e-01  9.990782652950508e-01
 1.000000000000000e-04  3.172748838232350e+05  3.172749508257284e+05  9.992710610485201e-01  9.992712720757904e-01
