 1.000000000000000e+01 -8.076208292063436e-02 -1.843128460075110e-01 -2.725325320882366e-02 -6.219657146309477e-02
 7.906043210907701e+00 -8.140553799525785e-02 -2.044582447815588e-01 -2.171820731844844e-02 -5.454747499353971e-02
 6.250551925273976e+00 -8.234898844980032e-02 -2.300527446709526e-01 -1.736950636618588e-02 -4.852400361367565e-02
 4.941713361323838e+00 -8.363289789385542e-02 -2.547783642546579e-01 -1.394650980399814e-02 -4.248649806962217e-02
 3.906939937054621e+00 -8.499529526684180e-02 -2.781696609085844e-01 -1.120578954214234e-02 -3.667392021363727e-02
 3.088843596477485e+00 -8.478793456779110e-02 -2.985590478269802e-01 -8.837731729824549e-03 -3.111981420065211e-02
 2.442053094548650e+00 -8.131082232752940e-02 -3.136235423244176e-01 -6.700609293192809e-03 -2.584488463046261e-02
 1.930697728883250e+00 -7.326609556766650e-02 -3.214264350208356e-01 -4.773403792772364e-03 -2.094144845768015e-02
 1.526417967175233e+00 -5.184490069691217e-02 -3.167986797679947e-01 -2.670486312697426e-03 -1.631802794158756e-02
 1.206792640639329e+00  4.110469122188354e-02 -2.484411531779602e-01  1.673920712553007e-03 -1.011735594631443e-02
 9.540954763499944e-01  3.505886142673744e-01  1.884300052211474e-02  1.128757072670485e-02  6.066703037152782e-04
 7.543120063354622e-01  1.063730615612806e+00  6.886537736606937e-01  2.707656198236664e-02  1.752922808955014e-02
 5.963623316594643e-01  2.462506822418939e+00  2.126727577824117e+00  4.955625585344216e-02  4.279892953705414e-02
 4.714866363457395e-01  5.103066195533623e+00  4.809135535756926e+00  8.119166165388025e-02  7.651511665840703e-02
 3.727593720314942e-01  1.007079107918330e+01  9.799662308544615e+00  1.266785250044209e-01  1.232680488580370e-01
 2.947051702551809e-01  1.883111098017262e+01  1.856600300423111e+01  1.872727284717050e-01  1.846362672429197e-01
 2.329951810515372e-01  3.287629084161868e+01  3.260603450646477e+01  2.584881227901434e-01  2.563632464443715e-01
 1.842069969326716e-01  5.344851801664968e+01  5.316839584473110e+01  3.322405448893481e-01  3.304992815861294e-01
 1.456348477501244e-01  8.194555544806222e+01  8.165922546154570e+01  4.027184711475367e-01  4.013113127753330e-01
 1.151395399326448e-01  1.209505066478108e+02  1.206655242228248e+02  4.699406591791100e-01  4.688333895002625e-01
 9.102981779915217e-02  1.743302925138658e+02  1.740513695822954e+02  5.355097376015064e-01  5.346529390282783e-01
 7.196856730011521e-02  2.466057400080527e+02  2.463349772934184e+02  5.989035373528526e-01  5.982459664967467e-01
 5.689866029018299e-02  3.426679325818017e+02  3.424071797045769e+02  6.579400828698827e-01  6.574394239130985e-01
 4.498432668969444e-02  4.681572604748907e+02  4.679079082113751e+02  7.106632007728931e-01  7.102846837815510e-01
 3.556480306223128e-02  6.303976398348412e+02  6.301603865974307e+02  7.565642691875287e-01  7.562795325216032e-01
 2.811768697974231e-02  8.391602889655659e+02  8.389353143121002e+02  7.962241679851851e-01  7.960107042898353e-01
 2.222996482526196e-02  1.107116015660841e+03  1.106902850660811e+03  8.305059512927963e-01  8.303460450150185e-01
 1.757510624854793e-02  1.450235480941372e+03  1.450033177613909e+03  8.600967872182457e-01  8.599768063983848e-01
 1.389495494373137e-02  1.888429430828765e+03  1.888236227302380e+03  8.854595841803938e-01  8.853689936021378e-01
 1.098541141987558e-02  2.446575054894289e+03  2.446388392730727e+03  9.069549384874350e-01  9.068857420935892e-01
 8.685113737513529e-03  3.155901455350652e+03  3.155719214311769e+03  9.249319549593250e-01  9.248785437350668e-01
 6.866488450042998e-03  4.055804254076479e+03  4.055625010483337e+03  9.397720411032852e-01  9.397305084979548e-01
 5.428675439323859e-03  5.196134964656531e+03  5.195957755090322e+03  9.518864407377983e-01  9.518539774964870e-01
 4.291934260128779e-03  6.640031775540187e+03  6.639855930660361e+03  9.616876943817346e-01  9.616622264528503e-01
 3.393221771895330e-03  8.467455902772730e+03  8.467280957267098e+03  9.695629881684007e-01  9.695429560962936e-01
 2.682695795279727e-03  1.077964853798131e+04  1.077947417420009e+04  9.758585461502011e-01  9.758427613696999e-01
 2.120950887920190e-03  1.370475721829595e+04  1.370458322584478e+04  9.808730418472554e-01  9.808605889083143e-01
 1.676832936811008e-03  1.740494370229678e+04  1.740476994486725e+04  9.848571876265345e-01  9.848473555778762e-01
 1.325711365590109e-03  2.208537323407783e+04  2.208519962481691e+04  9.880173309460494e-01  9.880095643144065e-01
 1.048113134154685e-03  2.800558843558068e+04  2.800541491958381e+04  9.905210412146592e-01  9.905149041807496e-01
 8.286427728546842e-04  3.549389984792413e+04  3.549372639064358e+04  9.925031790078594e-01  9.924983286841954e-01
 6.551285568595509e-04  4.496559109629897e+04  4.496541767589940e+04  9.940716251623521e-01  9.940677912908467e-01
 5.179474679231213e-04  5.694594816354276e+04  5.694577475836014e+04  9.953123267571570e-01  9.953092959477430e-01
 4.094915062380428e-04  7.209938988658247e+04  7.209921650254300e+04  9.962935705471194e-01  9.962911746682634e-01
 3.237457542817643e-04  9.126631516084629e+04  9.126614178689985e+04  9.970695149988597e-01  9.970676209169480e-01
 2.559547922699536e-04  1.155097102824118e+05  1.155095369144774e+05  9.976830637933924e-01  9.976815663759754e-01
 2.023589647725158e-04  1.461741011515870e+05  1.461739277872398e+05  9.981681796080361e-01  9.981669957678518e-01
 1.599858719606057e-04  1.849601197170943e+05  1.849599463549447e+05  9.985517347984149e-01  9.985507988611140e-01
 1.264855216855296e-04  2.340188200199190e+05  2.340186466591569e+05  9.988549853443537e-01  9.988542453942015e-01
 1.000000000000000e-04  2.960709745180651e+05  2.960708011581603e+05  9.990947415575435e-01  9.990941565526488e-01
