 1.000000000000000e+01 -9.111661754655742e-02 -9.075597876008601e-02 -2.049826816187296e-02 -2.041713619326267e-02
 7.906043210907701e+00 -9.185897011553479e-02 -9.931152362460693e-02 -1.633805435648666e-02 -1.766356697841899e-02
 6.250551925273976e+00 -9.255313465888193e-02 -1.142492662133066e-01 -1.301454773503702e-02 -1.606539350942815e-02
 4.941713361323838e+00 -9.355975389149407e-02 -1.349878596323890e-01 -1.040126599115285e-02 -1.500692953127285e-02
 3.906939937054621e+00 -9.469494265959710e-02 -1.602670193523466e-01 -8.323061449595699e-03 -1.408641489132297e-02
 3.088843596477485e+00 -9.547797791134016e-02 -1.847653935482469e-01 -6.634660612879866e-03 -1.283914580109895e-02
 2.442053094548650e+00 -8.429639629667562e-02 -1.980688985599102e-01 -4.631095019003653e-03 -1.088155520091330e-02
 1.930697728883250e+00 -3.372911268666812e-02 -1.733789924220730e-01 -1.465003907359310e-03 -7.530613203849694e-03
 1.526417967175233e+00 -1.953020278784479e-02 -2.955075940241443e-01 -6.706559825950368e-04 -1.014756159920180e-02
 1.206792640639329e+00  1.526757086884949e-01 -1.205031071239375e-01  4.144977511169017e-03 -3.271526776232683e-03
 9.540954763499944e-01  5.620402075623510e-01  2.377808362419671e-01  1.206365207147247e-02  5.103736777352606e-03
 7.543120063354622e-01  1.646127358243749e+00  1.292236063758622e+00  2.793405823627573e-02  2.192867840952557e-02
 5.963623316594643e-01  3.922860480431329e+00  3.634379617029566e+00  5.262991243333872e-02  4.875959314585304e-02
 4.714866363457395e-01  7.911794844394709e+00  7.675986225721175e+00  8.391971224976269e-02  8.141851096556649e-02
 3.727593720314942e-01  1.500234219326916e+01  1.479578879502637e+01  1.258076990981227e-01  1.240755690454245e-01
 2.947051702551809e-01  2.750486810663432e+01  2.730803899060933e+01  1.823546754448781e-01  1.810497170123677e-01
 2.329951810515372e-01  4.790820146429718e+01  4.770852324805091e+01  2.511171575977875e-01  2.500705178875631e-01
 1.842069969326716e-01  7.836772270654336e+01  7.815745928743340e+01  3.247602971972465e-01  3.238889536374041e-01
 1.456348477501244e-01  1.209321043108816e+02  1.207128080784779e+02  3.962109711701623e-01  3.954924888969086e-01
 1.151395399326448e-01  1.791290432975240e+02  1.789097843446699e+02  4.639915560970240e-01  4.634236174710469e-01
 9.102981779915217e-02  2.587432508898311e+02  2.585307718522673e+02  5.298736033083236e-01  5.294384729894680e-01
 7.196856730011521e-02  3.666985507533206e+02  3.664963762408930e+02  5.937062648559513e-01  5.933789325706836e-01
 5.689866029018299e-02  5.104090504686405e+02  5.102195164888918e+02  6.533411135238707e-01  6.530985035206470e-01
 4.498432668969444e-02  6.983950042473550e+02  6.982196303826212e+02  7.067762210484022e-01  7.065987425775748e-01
 3.556480306223128e-02  9.415898767339288e+02  9.414295402032595e+02  7.533586337159255e-01  7.532303497223690e-01
 2.811768697974231e-02  1.254551064895240e+03  1.254406552970586e+03  7.935741565912999e-01  7.934827446656051e-01
 2.222996482526196e-02  1.656240235346021e+03  1.656112523722532e+03  8.282886061731003e-01  8.282247373693157e-01
 1.757510624854793e-02  2.170613914272913e+03  2.170503147015094e+03  8.582229476946702e-01  8.581791522495713e-01
 1.389495494373137e-02  2.827560287156066e+03  2.827464632447896e+03  8.838704146550763e-01  8.838405138367073e-01
 1.098541141987558e-02  3.664436297486771e+03  3.664351982085671e+03  9.056139084798656e-01  9.055930711139690e-01
 8.685113737513529e-03  4.728116519238801e+03  4.728039093279554e+03  9.238112822989732e-01  9.237961542930528e-01
 6.866488450042998e-03  6.077708847977069e+03  6.077635374590671e+03  9.388455805535373e-01  9.388342308548541e-01
 5.428675439323859e-03  7.787996613374579e+03  7.787925544811195e+03  9.511285378083809e-01  9.511198583825758e-01
 4.291934260128779e-03  9.953684414887108e+03  9.953614767464100e+03  9.610732939379092e-01  9.610665691639004e-01
 3.393221771895330e-03  1.269470655521478e+04  1.269463781028339e+04  9.690685343134039e-01  9.690632865709996e-01
 2.682695795279727e-03  1.616291540668238e+04  1.616284723690095e+04  9.754627945267857e-01  9.754586803503630e-01
 2.120950887920190e-03  2.055052356907137e+04  2.055045577213569e+04  9.805575413788140e-01  9.805543064832974e-01
 1.676832936811008e-03  2.610076648500684e+04  2.610069894015268e+04  9.846063629966849e-01  9.846038149836516e-01
 1.325711365590109e-03  3.312138648592338e+04  3.312131912619109e+04  9.878183032789778e-01  9.878162943299718e-01
 1.048113134154685e-03  4.200169346466554e+04  4.200162625900417e+04  9.903633159764345e-01  9.903617313255274e-01
 8.286427728546842e-04  5.323415039069374e+04  5.323408333139403e+04  9.923782907470713e-01  9.923770406436557e-01
 6.551285568595509e-04  6.744168188916649e+04  6.744161572390207e+04  9.939728087590098e-01  9.939718335983693e-01
 5.179474679231213e-04  8.541221368047988e+04  8.541214755892046e+04  9.952341576922838e-01  9.952333872353240e-01
 4.094915062380428e-04  1.081423736449019e+05  1.081423075379601e+05  9.962317456093615e-01  9.962311366174207e-01
 3.237457542817643e-04  1.368927599029757e+05  1.368926938050096e+05  9.970206238944034e-01  9.970201424881152e-01
 2.559547922699536e-04  1.732578515462607e+05  1.732577854538902e+05  9.976444042918657e-01  9.976440237221946e-01
 2.023589647725158e-04  2.192544371983128e+05  2.192543711094336e+05  9.981376122722191e-01  9.981373114080866e-01
 1.599858719606057e-04  2.774334646383296e+05  2.774333985516308e+05  9.985275666612978e-01  9.985273288046621e-01
 1.264855216855296e-04  3.510215148370462e+05  3.510214487517069e+05  9.988358771836294e-01  9.988356891370140e-01
 1.000000000000000e-04  4.440997464244111e+05  4.440996803399299e+05  9.990796342034871e-01  9.990794855349507e-01
