 1.000000000000000e+01 -8.386358374494307e-02 -7.232366441240856e-02 -1.414992902700614e-02 -1.220284982717901e-02
 7.906043210907701e+00 -8.420664219758578e-02 -7.444519982794873e-02 -1.123275736439523e-02 -9.930628330353261e-03
 6.250551925273976e+00 -8.456789638128726e-02 -7.795081701840445e-02 -8.918765380252089e-03 -8.220909800707148e-03
 4.941713361323838e+00 -8.539607049428355e-02 -8.386265344273625e-02 -7.120267050192362e-03 -6.992411765480330e-03
 3.906939937054621e+00 -8.673953553247316e-02 -9.224230433085268e-02 -5.717875190082791e-03 -6.080618026966400e-03
 3.088843596477485e+00 -8.490197184690373e-02 -1.003633969577891e-01 -4.424809109579891e-03 -5.230607292937722e-03
 2.442053094548650e+00 -8.814097723788450e-02 -1.201087573682571e-01 -3.631732125474434e-03 -4.948922128555956e-03
 1.930697728883250e+00 -1.212242776018968e-01 -2.250806780351127e-01 -3.948978186960687e-03 -7.332183828605249e-03
 1.526417967175233e+00 -1.888358211824368e-01 -3.569591667359759e-01 -4.863385492458961e-03 -9.193330068593198e-03
 1.206792640639329e+00 -5.373338871626743e-02 -2.437395792046004e-01 -1.094101788069587e-03 -4.962946052764911e-03
 9.540954763499944e-01  8.370400714585173e-01  6.310433450534561e-01  1.347469458958031e-02  1.015855349979367e-02
 7.543120063354622e-01  3.231667670717428e+00  2.987993706076338e+00  4.112998568823811e-02  3.802870557546608e-02
 5.963623316594643e-01  7.089553565067462e+00  6.834716861414847e+00  7.133619431195125e-02  6.877198763197716e-02
 4.714866363457395e-01  1.331169210318123e+01  1.302779929305723e+01  1.058969607554838e-01  1.036385411992441e-01
 3.727593720314942e-01  2.472486837275451e+01  2.440652317087876e+01  1.555046585597027e-01  1.535024573275068e-01
 2.947051702551809e-01  4.400200387036054e+01  4.363816757636056e+01  2.187968445329986e-01  2.169876943568313e-01
 2.329951810515372e-01  7.322906025493998e+01  7.280619458042077e+01  2.878798342881093e-01  2.862174546278636e-01
 1.842069969326716e-01  1.141231878668599e+02  1.136457131816060e+02  3.546997328306061e-01  3.532157211546398e-01
 1.456348477501244e-01  1.707033072209736e+02  1.702597431630548e+02  4.194576174874436e-01  4.183676777202143e-01
 1.151395399326448e-01  2.501278467273678e+02  2.496731234127305e+02  4.859229135450595e-01  4.850395233876004e-01
 9.102981779915217e-02  3.597396385115368e+02  3.592785704608033e+02  5.525261176535093e-01  5.518179606622479e-01
 7.196856730011521e-02  5.068476877229988e+02  5.064081784779819e+02  6.154618969260522e-01  6.149282036682812e-01
 5.689866029018299e-02  7.001104776226925e+02  6.996942675128267e+02  6.721240913828226e-01  6.717245189569565e-01
 4.498432668969444e-02  9.513398618454071e+02  9.509336114279598e+02  7.220674422053102e-01  7.217590979304767e-01
 3.556480306223128e-02  1.276508355353479e+03  1.276111932375909e+03  7.659932001274623e-01  7.657553189542450e-01
 2.811768697974231e-02  1.696058959184027e+03  1.695672408353305e+03  8.046395613493664e-01  8.044561749822905e-01
 2.222996482526196e-02  2.235339290456830e+03  2.234962104086946e+03  8.384227838917518e-01  8.382813102248083e-01
 1.757510624854793e-02  2.925731960522602e+03  2.925363555420323e+03  8.675876064878040e-01  8.674783607656339e-01
 1.389495494373137e-02  3.806412122932127e+03  3.806051560984593e+03  8.923881508538900e-01  8.923036194896456e-01
 1.098541141987558e-02  4.926630213610521e+03  4.926276091828087e+03  9.131605411812169e-01  9.130949040165687e-01
 8.685113737513529e-03  6.348554069195574e+03  6.348205144115348e+03  9.303174718003995e-01  9.302663402994394e-01
 6.866488450042998e-03  8.150912113342970e+03  8.150566130673765e+03  9.443255682163122e-01  9.442854843243321e-01
 5.428675439323859e-03  1.043348367544113e+04  1.043314016144546e+04  9.556614394992009e-01  9.556299751206861e-01
 4.291934260128779e-03  1.332265823947426e+04  1.332231585369294e+04  9.647722268854281e-01  9.647474327124665e-01
 3.393221771895330e-03  1.697847243257438e+04  1.697813116462130e+04  9.720569351221023e-01  9.720373967400809e-01
 2.682695795279727e-03  2.160351650125402e+04  2.160317588988494e+04  9.778600911877974e-01  9.778446737781172e-01
 2.120950887920190e-03  2.745417627798234e+04  2.745383678862609e+04  9.824713042433472e-01  9.824591553248277e-01
 1.676832936811008e-03  3.485484280120554e+04  3.485450375658944e+04  9.861290861811407e-01  9.861194937764536e-01
 1.325711365590109e-03  4.421589423808974e+04  4.421555549893824e+04  9.890272024722324e-01  9.890196255083114e-01
 1.048113134154685e-03  5.605644909257229e+04  5.605611055195671e+04  9.913216508500041e-01  9.913156639805653e-01
 8.286427728546842e-04  7.103315150235909e+04  7.103281308481019e+04  9.931372571498587e-01  9.931325256256452e-01
 6.551285568595509e-04  8.997658443339824e+04  8.997624608923314e+04  9.945734875664481e-01  9.945697476141218e-01
 5.179474679231213e-04  1.139373303294956e+05  1.139369920279094e+05  9.957093789102165e-01  9.957064224598472e-01
 4.094915062380428e-04  1.442442337022523e+05  1.442438954251701e+05  9.966076193717843e-01  9.966052821586496e-01
 3.237457542817643e-04  1.825780967272847e+05  1.825777584651562e+05  9.973178715085568e-01  9.973160237794364e-01
 2.559547922699536e-04  2.310648947751371e+05  2.310645565217035e+05  9.978794492286869e-01  9.978779884436104e-01
 2.023589647725158e-04  2.923936813944647e+05  2.923933431462300e+05  9.983234594469619e-01  9.983223045617186e-01
 1.599858719606057e-04  3.699657215785424e+05  3.699653833335462e+05  9.986745079513962e-01  9.986735949028744e-01
 1.264855216855296e-04  4.680831240950781e+05  4.680827858522248e+05  9.989520544077015e-01  9.989513325521682e-01
 1.000000000000000e-04  5.921874342886650e+05  5.921870960473430e+05  9.991714867986126e-01  9.991709160990925e-01
