 1.000000000000000e+01 -5.954885803091381e-02 -1.035347648338489e-01 -2.679310302596043e-02 -4.658389283505343e-02
 7.906043210907701e+00 -6.005444553934192e-02 -1.106798565172045e-01 -2.136259081364346e-02 -3.937108177180446e-02
 6.250551925273976e+00 -6.080188358375560e-02 -1.179357465113031e-01 -1.709956165606786e-02 -3.316755090566313e-02
 4.941713361323838e+00 -6.179543299619761e-02 -1.252048035098556e-01 -1.373989795606655e-02 -2.783864665113089e-02
 3.906939937054621e+00 -6.200936578115668e-02 -1.318507783197407e-01 -1.090042925950740e-02 -2.317762911747226e-02
 3.088843596477485e+00 -5.849902662546080e-02 -1.341694831629598e-01 -8.130067191078567e-03 -1.864658227718939e-02
 2.442053094548650e+00 -4.970095394937468e-02 -1.293019071941859e-01 -5.460965127491606e-03 -1.420723648131283e-02
 1.930697728883250e+00 -3.419745193732249e-02 -1.195335337032435e-01 -2.970691887172716e-03 -1.038373559141595e-02
 1.526417967175233e+00  2.114559288040985e-02 -7.615602192617699e-02  1.452255107109499e-03 -5.230308386476884e-03
 1.206792640639329e+00  2.200776295211226e-01  1.018711950788469e-01  1.194973100714588e-02  5.531381727518410e-03
 9.540954763499944e-01  6.886686894706400e-01  5.446147624347799e-01  2.956322110235884e-02  2.337926332884987e-02
 7.543120063354622e-01  1.504140125855522e+00  1.355636794402589e+00  5.104919453619295e-02  4.600912192174711e-02
 5.963623316594643e-01  2.957024319558607e+00  2.816506768223352e+00  7.934410707592171e-02  7.557368166364271e-02
 4.714866363457395e-01  5.731297535204343e+00  5.592963928641328e+00  1.215827380339307e-01  1.186481532309730e-01
 3.727593720314942e-01  1.065249483967089e+01  1.050633690438702e+01  1.786608848363542e-01  1.762095617954432e-01
 2.947051702551809e-01  1.843260457007214e+01  1.827087442570690e+01  2.444128516412355e-01  2.422683405044405e-01
 2.329951810515372e-01  2.958854504871395e+01  2.941487224018033e+01  3.101845238596304e-01  3.083638659890365e-01
 1.842069969326716e-01  4.497863068442141e+01  4.480170044214538e+01  3.727880041454426e-01  3.713215861845708e-01
 1.456348477501244e-01  6.647070473679672e+01  6.629951734607596e+01  4.355571686808324e-01  4.344354430197094e-01
 1.151395399326448e-01  9.659353163526167e+01  9.644348300438628e+01  5.004055425887676e-01  4.996282113816282e-01
 9.102981779915217e-02  1.380151946090053e+02  1.378799351883165e+02  5.652754862379853e-01  5.647214977078474e-01
 7.196856730011521e-02  1.934913683161904e+02  1.933631490129593e+02  6.265475406372728e-01  6.261323516301310e-01
 5.689866029018299e-02  2.662898061365811e+02  2.661665000279696e+02  6.817201940349166e-01  6.814045219274937e-01
 4.498432668969444e-02  3.607998320066886e+02  3.606796829305108e+02  7.302593525719695e-01  7.300161706777494e-01
 3.556480306223128e-02  4.829265014749722e+02  4.828086997367948e+02  7.727713696293337e-01  7.725828651461919e-01
 2.811768697974231e-02  6.402988214208187e+02  6.401837744576444e+02  8.100500830834813e-01  8.099045357250290e-01
 2.222996482526196e-02  8.424583625353032e+02  8.423475979578337e+02  8.426297682805116e-01  8.425189811669908e-01
 1.757510624854793e-02  1.101242484929788e+03  1.101136781645771e+03  8.708242081453977e-01  8.707406216693384e-01
 1.389495494373137e-02  1.431394336922005e+03  1.431293541814830e+03  8.948824977186776e-01  8.948194823951291e-01
 1.098541141987558e-02  1.851395193625853e+03  1.851298331138216e+03  9.150925825018514e-01  9.150447060980107e-01
 8.685113737513529e-03  2.384564294036478e+03  2.384469975979369e+03  9.318244968094977e-01  9.317876398137247e-01
 6.866488450042998e-03  3.060425442534399e+03  3.060333224973434e+03  9.455098864412943e-01  9.454813960835866e-01
 5.428675439323859e-03  3.916382192849231e+03  3.916290511975572e+03  9.565959138159962e-01  9.565735203046383e-01
 4.291934260128779e-03  4.999820529829020e+03  4.999729230359048e+03  9.655106160517462e-01  9.654929852974079e-01
 3.393221771895330e-03  6.370750052472325e+03  6.370658859285192e+03  9.726405866845885e-01  9.726266639605288e-01
 2.682695795279727e-03  8.105142515510148e+03  8.105051519431874e+03  9.783216417687409e-01  9.783106581947296e-01
 2.120950887920190e-03  1.029914119897851e+04  1.029905031532849e+04  9.828363290541665e-01  9.828276561220040e-01
 1.676832936811008e-03  1.307439221778194e+04  1.307430141613011e+04  9.864177572974495e-01  9.864109066262855e-01
 1.325711365590109e-03  1.658478725876842e+04  1.658469651088154e+04  9.892554719689719e-01  9.892500590057386e-01
 1.048113134154685e-03  2.102499584272497e+04  2.102490513398848e+04  9.915021459174711e-01  9.914978682516131e-01
 8.286427728546842e-04  2.664125961503168e+04  2.664116892139103e+04  9.932799710742065e-01  9.932765896959209e-01
 6.551285568595509e-04  3.374504724163184e+04  3.374495653939036e+04  9.946863259902852e-01  9.946836524044788e-01
 5.179474679231213e-04  4.273032716226892e+04  4.273023649007394e+04  9.957985943402725e-01  9.957964812919927e-01
 4.094915062380428e-04  5.409541608074138e+04  5.409532547668586e+04  9.966781563079238e-01  9.966764869782549e-01
 3.237457542817643e-04  6.847061482303975e+04  6.847052421637072e+04  9.973736398869484e-01  9.973723200696292e-01
 2.559547922699536e-04  8.665316416391169e+04  8.665307355687479e+04  9.979235407894759e-01  9.979224973319639e-01
 2.023589647725158e-04  1.096514591937619e+05  1.096513685984300e+05  9.983583188588568e-01  9.983574940034107e-01
 1.599858719606057e-04  1.387409742929886e+05  1.387408836985751e+05  9.987020681704430e-01  9.987014160427742e-01
 1.264855216855296e-04  1.755350002550925e+05  1.755349096611399e+05  9.989738437407021e-01  9.989733281683725e-01
 1.000000000000000e-04  2.220741165882849e+05  2.220740259945191e+05  9.991887135871176e-01  9.991883059742463e-01
