 1.000000000000000e+01  3.422735718101521e-01  1.346836910085457e-01  1.902362677640706e-01  7.485743807402863e-02
 7.906043210907701e+00 -8.623260483438033e-02 -3.135518850106692e-01 -3.789227135464469e-02 -1.377807516472896e-01
 6.250551925273976e+00 -8.795833964615130e-02 -3.524609414515126e-01 -3.055732548088915e-02 -1.224473284803046e-01
 4.941713361323838e+00 -8.920603839016084e-02 -3.835169113011162e-01 -2.450144814865570e-02 -1.053372606378776e-01
 3.906939937054621e+00 -9.133809506721635e-02 -4.065139501884133e-01 -1.983392352975526e-02 -8.827386421714049e-02
 3.088843596477485e+00 -9.442568199011847e-02 -4.225297991609424e-01 -1.621085788740295e-02 -7.253927515300071e-02
 2.442053094548650e+00 -1.016552072872529e-01 -4.420609401552739e-01 -1.379763596201991e-02 -6.000082128656065e-02
 1.930697728883250e+00 -1.309170420925639e-01 -4.942530403453148e-01 -1.404851501895959e-02 -5.303756599960628e-02
 1.526417967175233e+00 -1.777494874939421e-01 -5.461463943909749e-01 -1.508001510580592e-02 -4.633428761744263e-02
 1.206792640639329e+00 -1.388982976484968e-01 -5.063709412959853e-01 -9.316430018512024e-03 -3.396419911445302e-02
 9.540954763499944e-01  9.791557381021077e-02 -2.710190275914229e-01  5.192345227799049e-03 -1.437181338777301e-02
 7.543120063354622e-01  6.789239335509464e-01  3.067010388814978e-01  2.846374822126511e-02  1.285837885293568e-02
 5.963623316594643e-01  1.748959415561954e+00  1.376187850348912e+00  5.797087904852560e-02  4.561502040056981e-02
 4.714866363457395e-01  3.467109721524763e+00  3.104575364123035e+00  9.085669261138696e-02  8.135636660006311e-02
 3.727593720314942e-01  6.265377112354313e+00  5.919438105207687e+00  1.298062900484225e-01  1.226391142670648e-01
 2.947051702551809e-01  1.103997674645205e+01  1.070780526428251e+01  1.808322407123959e-01  1.753913494133467e-01
 2.329951810515372e-01  1.893651861242114e+01  1.861255805862965e+01  2.452262900137426e-01  2.410310286595793e-01
 1.842069969326716e-01  3.102515630079205e+01  3.070627692340594e+01  3.176435569164488e-01  3.143787875570873e-01
 1.456348477501244e-01  4.823421732967898e+01  4.792256281761928e+01  3.904275827919189e-01  3.879049230589332e-01
 1.151395399326448e-01  7.177975566193453e+01  7.148099616155304e+01  4.593528502052905e-01  4.574409458422763e-01
 9.102981779915217e-02  1.037224591116375e+02  1.034419795483865e+02  5.247789765036583e-01  5.233599031477651e-01
 7.196856730011521e-02  1.469151467602707e+02  1.466564596713490e+02  5.876643972186392e-01  5.866296421540201e-01
 5.689866029018299e-02  2.046066532154456e+02  2.043721997617974e+02  6.470558118716041e-01  6.463143674101831e-01
 4.498432668969444e-02  2.804198758161544e+02  2.802118845826246e+02  7.011161436197572e-01  7.005961162460387e-01
 3.556480306223128e-02  3.787382260160097e+02  3.785594967004865e+02  7.486511547293456e-01  7.482978608200986e-01
 2.811768697974231e-02  5.052838674066249e+02  5.051347494183864e+02  7.896506082223506e-01  7.894175687019840e-01
 2.222996482526196e-02  6.675891251565164e+02  6.674689572614458e+02  8.248367056336756e-01  8.246882327377612e-01
 1.757510624854793e-02  8.753311948538504e+02  8.752365345444854e+02  8.550476450411930e-01  8.549551782411094e-01
 1.389495494373137e-02  1.140677812364389e+03  1.140603608461003e+03  8.809273362632618e-01  8.808700297686133e-01
 1.098541141987558e-02  1.478826221624331e+03  1.478767725680107e+03  9.029286202297834e-01  9.028929042941078e-01
 8.685113737513529e-03  1.908821510087160e+03  1.908774496194011e+03  9.214266744236600e-01  9.214039798684137e-01
 6.866488450042998e-03  2.454634309435933e+03  2.454595326746576e+03  9.367882700456455e-01  9.367733926661581e-01
 5.428675439323859e-03  3.146541586018889e+03  3.146508036020175e+03  9.493957942043417e-01  9.493856712719717e-01
 4.291934260128779e-03  4.022865598061274e+03  4.022835635348891e+03  9.596404251242101e-01  9.596332776246608e-01
 3.393221771895330e-03  5.132136707082173e+03  5.132109071263665e+03  9.678998247852896e-01  9.678946127838528e-01
 2.682695795279727e-03  6.535803250726816e+03  6.535777104255153e+03  9.745190845713462e-01  9.745151860091262e-01
 2.120950887920190e-03  8.311649963237958e+03  8.311624761096527e+03  9.798008396381773e-01  9.797978687383627e-01
 1.676832936811008e-03  1.055811644762566e+04  1.055809184068257e+04  9.840024811840139e-01  9.840001878494803e-01
 1.325711365590109e-03  1.339975581438465e+04  1.339973158134365e+04  9.873379127780582e-01  9.873361272081976e-01
 1.048113134154685e-03  1.699413942684304e+04  1.699411542829803e+04  9.899819818706371e-01  9.899805838517933e-01
 8.286427728546842e-04  2.154059301853813e+04  2.154056916694112e+04  9.920760202307913e-01  9.920749217189065e-01
 6.551285568595509e-04  2.729124914121647e+04  2.729122538165763e+04  9.937334176988385e-01  9.937325525619043e-01
 5.179474679231213e-04  3.456502875047435e+04  3.456500504853751e+04  9.950446906096908e-01  9.950440082874924e-01
 4.094915062380428e-04  4.376532721873746e+04  4.376530355286055e+04  9.960818525537127e-01  9.960813139275442e-01
 3.237457542817643e-04  5.540238557416822e+04  5.540236193084955e+04  9.969020683313214e-01  9.969016428970547e-01
 2.559547922699536e-04  7.012158761029069e+04  7.012156398108024e+04  9.975506492221319e-01  9.975503130726660e-01
 2.023589647725158e-04  8.873925215128828e+04  8.873922853089895e+04  9.980634769612440e-01  9.980632112992361e-01
 1.599858719606057e-04  1.122879054391031e+05  1.122878818242284e+05  9.984689489530603e-01  9.984687389685654e-01
 1.264855216855296e-04  1.420735443823640e+05  1.420735207709373e+05  9.987895307972766e-01  9.987893648068672e-01
 1.000000000000000e-04  1.797480664270729e+05  1.797480428178015e+05  9.990429910802817e-01  9.990428598595260e-01
