 1.000000000000000e+01 -6.124753229045288e-02 -8.868399477916133e-02 -5.260957356109591e-02 -7.617657352953305e-02
 7.906043210907701e+00 -6.242615225545611e-02 -9.746226980422668e-02 -4.239376002780288e-02 -6.618687727120394e-02
 6.250551925273976e+00 -6.377032601466359e-02 -1.082154025060063e-01 -3.423837866690853e-02 -5.810100339992923e-02
 4.941713361323838e+00 -6.460072521662275e-02 -1.177480942595266e-01 -2.742149513746439e-02 -4.998130877565567e-02
 3.906939937054621e+00 -6.534190339408630e-02 -1.238813104352530e-01 -2.192828677026326e-02 -4.157370323782286e-02
 3.088843596477485e+00 -7.170548112634512e-02 -1.302020343587755e-01 -1.902499094467999e-02 -3.454537206563021e-02
 2.442053094548650e+00 -9.985133079641306e-02 -1.642946480666878e-01 -2.094523057633790e-02 -3.446312892144929e-02
 1.930697728883250e+00 -1.271332617055250e-01 -2.013596663026092e-01 -2.108383754450183e-02 -3.339357800929300e-02
 1.526417967175233e+00 -1.043035689861553e-01 -1.958052117338993e-01 -1.367567667963194e-02 -2.567283932743579e-02
 1.206792640639329e+00 -1.280614194178176e-02 -1.220928568743047e-01 -1.327477444006184e-03 -1.265607661633999e-02
 9.540954763499944e-01  2.034088757035861e-01  6.810545710294358e-02  1.667008914571936e-02  5.581487225122200e-03
 7.543120063354622e-01  6.030227625365669e-01  4.701309965798246e-01  3.907157448551137e-02  3.046113578457569e-02
 5.963623316594643e-01  1.403624263686935e+00  1.278198094632840e+00  7.190138520643251e-02  6.547636425927610e-02
 4.714866363457395e-01  2.949254337758985e+00  2.825583995649309e+00  1.194422018614482e-01  1.144336619815806e-01
 3.727593720314942e-01  5.638465954633203e+00  5.511485553088447e+00  1.805367915852858e-01  1.764710342545594e-01
 2.947051702551809e-01  9.796032976061552e+00  9.663555444562972e+00  2.479785862468281e-01  2.446250255707089e-01
 2.329951810515372e-01  1.568034457922152e+01  1.554543723948865e+01  3.138186336340489e-01  3.111186650964776e-01
 1.842069969326716e-01  2.378363873597203e+01  2.365722929947043e+01  3.763228664903282e-01  3.743227200020719e-01
 1.456348477501244e-01  3.507700533120175e+01  3.496857540566367e+01  4.387973550364597e-01  4.374409460704244e-01
 1.151395399326448e-01  5.087120134187347e+01  5.077586815627632e+01  5.031212604856956e-01  5.021784057616363e-01
 9.102981779915217e-02  7.258068699110146e+01  7.249503138507208e+01  5.675196904481086e-01  5.668499359302862e-01
 7.196856730011521e-02  1.016736342955905e+02  1.015942299258115e+02  6.285319962465038e-01  6.280411296871085e-01
 5.689866029018299e-02  1.398540007973941e+02  1.397802842090612e+02  6.835229825905667e-01  6.831626998525941e-01
 4.498432668969444e-02  1.894056984176202e+02  1.893372791850460e+02  7.318641123585936e-01  7.315997402655973e-01
 3.556480306223128e-02  2.534078444555218e+02  2.533428633716098e+02  7.741349036774793e-01  7.739363931489549e-01
 2.811768697974231e-02  3.358521182275088e+02  3.357901078707719e+02  8.111550378186267e-01  8.110052694815101e-01
 2.222996482526196e-02  4.417432669690550e+02  4.416839971173132e+02  8.434996378147436e-01  8.433864632579007e-01
 1.757510624854793e-02  5.772874450020868e+02  5.772311175304927e+02  8.714977251902344e-01  8.714126908390027e-01
 1.389495494373137e-02  7.502122552232256e+02  7.501588424406565e+02  8.954008110439041e-01  8.953370612870860e-01
 1.098541141987558e-02  9.702052271436675e+02  9.701540406879068e+02  9.154953080460173e-01  9.154470079969418e-01
 8.685113737513529e-03  1.249480257971067e+03  1.249430016019259e+03  9.321398930366182e-01  9.321024114299373e-01
 6.866488450042998e-03  1.603500935388094e+03  1.603451433575540e+03  9.457581613378925e-01  9.457289647579646e-01
 5.428675439323859e-03  2.051858954373532e+03  2.051810007306128e+03  9.567920710169230e-01  9.567692467551031e-01
 4.291934260128779e-03  2.619374626666013e+03  2.619326074191932e+03  9.656658288916464e-01  9.656479294034818e-01
 3.393221771895330e-03  3.337481448672983e+03  3.337433164463217e+03  9.727635555758858e-01  9.727494823532199e-01
 2.682695795279727e-03  4.245973229915363e+03  4.245925122323169e+03  9.784189746672977e-01  9.784078890154388e-01
 2.120950887920190e-03  5.395210963185205e+03  5.395162969676712e+03  9.829133405552918e-01  9.829045969750907e-01
 1.676832936811008e-03  6.848914077224577e+03  6.848866156642572e+03  9.864786716474960e-01  9.864717694391242e-01
 1.325711365590109e-03  8.687692555331105e+03  8.687644681125530e+03  9.893036451584836e-01  9.892981935237966e-01
 1.048113134154685e-03  1.101351617984548e+04  1.101346833512533e+04  9.915402390999697e-01  9.915359316685844e-01
 8.286427728546842e-04  1.395536868663090e+04  1.395532086043022e+04  9.933100915969552e-01  9.933066874412606e-01
 6.551285568595509e-04  1.767640033777263e+04  1.767635252330192e+04  9.947101414995594e-01  9.947074508194429e-01
 5.179474679231213e-04  2.238297555925889e+04  2.238292775214476e+04  9.958174240953755e-01  9.958152971593424e-01
 4.094915062380428e-04  2.833611739007300e+04  2.833606958756817e+04  9.966930437696871e-01  9.966913623669960e-01
 3.237457542817643e-04  3.586598340861741e+04  3.586593560899806e+04  9.973854102753736e-01  9.973840810313819e-01
 2.559547922699536e-04  4.539017592735760e+04  4.539012812954630e+04  9.979328466601352e-01  9.979317957938426e-01
 2.023589647725158e-04  5.743690189976991e+04  5.743685410308922e+04  9.983656761968145e-01  9.983648453970350e-01
 1.599858719606057e-04  7.267426695449033e+04  7.267421915851533e+04  9.987078849513399e-01  9.987072281271420e-01
 1.264855216855296e-04  9.194732817445592e+04  9.194728037892131e+04  9.989784425315088e-01  9.989779232482444e-01
 1.000000000000000e-04  1.163249605405451e+05  1.163249127452854e+05  9.991923494203095e-01  9.991919388750778e-01
