 1.000000000000000e+01 -5.928955237825173e-02 -6.395290796171649e-02 -2.546386728248884e-02 -2.746670020844559e-02
 7.906043210907701e+00 -5.995481367553745e-02 -7.260888703842339e-02 -2.035773383141855e-02 -2.465444066131541e-02
 6.250551925273976e+00 -6.077657089669808e-02 -8.266958558851512e-02 -1.631551364469168e-02 -2.219270899575717e-02
 4.941713361323838e+00 -6.175353611776879e-02 -9.164908697948304e-02 -1.310646501797241e-02 -1.945144566515077e-02
 3.906939937054621e+00 -6.242504968135743e-02 -1.008058245155286e-01 -1.047470551022107e-02 -1.691486560130879e-02
 3.088843596477485e+00 -5.913348163064436e-02 -1.071638053915609e-01 -7.844685893454462e-03 -1.421641968749602e-02
 2.442053094548650e+00 -4.910723484740354e-02 -1.048597178059896e-01 -5.150468945388313e-03 -1.099790533635569e-02
 1.930697728883250e+00 -3.347147957301511e-02 -9.465510982203851e-02 -2.775462645354647e-03 -7.848823083243958e-03
 1.526417967175233e+00  1.122970835931758e-02 -6.461429624766479e-02  7.361869887164254e-04 -4.235925160347623e-03
 1.206792640639329e+00  1.795852966965668e-01  7.546388098740353e-02  9.307855235543406e-03  3.911271650094152e-03
 9.540954763499944e-01  6.129553035596955e-01  4.771849270010802e-01  2.511694614440428e-02  1.955351074181605e-02
 7.543120063354622e-01  1.421292766700711e+00  1.280057491793518e+00  4.604481758389504e-02  4.146929829478409e-02
 5.963623316594643e-01  2.865050442282589e+00  2.733373438340781e+00  7.338185183024411e-02  7.000924021751107e-02
 4.714866363457395e-01  5.625652156600589e+00  5.498086464592578e+00  1.139169775709405e-01  1.113338285118136e-01
 3.727593720314942e-01  1.060419939977633e+01  1.047241321131867e+01  1.697667550331757e-01  1.676569386548531e-01
 2.947051702551809e-01  1.864187023525242e+01  1.849872876594373e+01  2.359518713968891e-01  2.341401166141518e-01
 2.329951810515372e-01  3.036592609133502e+01  3.020975513642509e+01  3.038642864916038e-01  3.023015225027275e-01
 1.842069969326716e-01  4.657426631551525e+01  4.641200078885846e+01  3.684667766591501e-01  3.671830322161332e-01
 1.456348477501244e-01  6.904464859529786e+01  6.888698894179208e+01  4.318585480284577e-01  4.308724228119364e-01
 1.151395399326448e-01  1.004121227614099e+02  1.002778184753120e+02  4.965429598591080e-01  4.958788184595750e-01
 9.102981779915217e-02  1.435709211585771e+02  1.434559401650376e+02  5.613016913387372e-01  5.608521641947677e-01
 7.196856730011521e-02  2.015261565160812e+02  2.014225675382621e+02  6.229030678823254e-01  6.225828816931092e-01
 5.689866029018299e-02  2.777154665174495e+02  2.776205926859651e+02  6.786538207817746e-01  6.784219774169218e-01
 4.498432668969444e-02  3.766726327737740e+02  3.765856228326075e+02  7.277320174045702e-01  7.275639140848438e-01
 3.556480306223128e-02  5.045179315459458e+02  5.044378410138530e+02  7.706251974560201e-01  7.705028632866096e-01
 2.811768697974231e-02  6.692149715453100e+02  6.691409123862010e+02  8.081489829772418e-01  8.080595485852168e-01
 2.222996482526196e-02  8.807744525612062e+02  8.807063725262484e+02  8.409103061483679e-01  8.408453074385706e-01
 1.757510624854793e-02  1.151627718318347e+03  1.151564754453938e+03  8.692731372122876e-01  8.692256107459861e-01
 1.389495494373137e-02  1.497252974124353e+03  1.497194150396099e+03  8.935081492170075e-01  8.934730452756757e-01
 1.098541141987558e-02  1.937037019140463e+03  1.936982542241189e+03  9.139037045571083e-01  9.138780020849476e-01
 8.685113737513529e-03  2.495418101641642e+03  2.495364890455575e+03  9.308185333488251e-01  9.307986849882879e-01
 6.866488450042998e-03  3.203324948096928e+03  3.203272665343527e+03  9.446738215798748e-01  9.446584031789138e-01
 5.428675439323859e-03  4.099939457508317e+03  4.099887846839073e+03  9.559111156817008e-01  9.558990825253751e-01
 4.291934260128779e-03  5.234897317855852e+03  5.234846176800508e+03  9.649557963467462e-01  9.649463694459325e-01
 3.393221771895330e-03  6.671059461124527e+03  6.671008636494443e+03  9.721946954104995e-01  9.721872885756404e-01
 2.682695795279727e-03  8.488007837012106e+03  8.487957219731472e+03  9.779651772584205e-01  9.779593452730149e-01
 2.120950887920190e-03  1.078645974535997e+04  1.078640926161026e+04  9.825524204170955e-01  9.825478217877360e-01
 1.676832936811008e-03  1.369385045357454e+04  1.369380005503628e+04  9.861922089301399e-01  9.861885793705840e-01
 1.325711365590109e-03  1.737139731712382e+04  1.737134697270903e+04  9.890765918495328e-01  9.890737253856962e-01
 1.048113134154685e-03  2.202303807032856e+04  2.202298776019822e+04  9.913604373652302e-01  9.913581726698393e-01
 8.286427728546842e-04  2.790673893697609e+04  2.790668864850889e+04  9.931677919844408e-01  9.931660022774439e-01
 6.551285568595509e-04  3.534879960846475e+04  3.534874933364526e+04  9.945975647892069e-01  9.945961502231232e-01
 5.179474679231213e-04  4.476194839030112e+04  4.476189812406436e+04  9.957283835097859e-01  9.957272653386499e-01
 4.094915062380428e-04  5.666823100659711e+04  5.666818074575365e+04  9.966226295137384e-01  9.966217455776585e-01
 3.237457542817643e-04  7.172796238741034e+04  7.172791212993485e+04  9.973297313352775e-01  9.973290325384224e-01
 2.559547922699536e-04  9.077634701351775e+04  9.077629675815777e+04  9.978888221273488e-01  9.978882696787912e-01
 2.023589647725158e-04  1.148697987007470e+05  1.148697484467076e+05  9.983308679722042e-01  9.983304312154639e-01
 1.599858719606057e-04  1.453445286489927e+05  1.453444783957803e+05  9.986803643109612e-01  9.986800190148784e-01
 1.264855216855296e-04  1.838906509880953e+05  1.838906007354106e+05  9.989566840465713e-01  9.989564110568623e-01
 1.000000000000000e-04  2.326459156572219e+05  2.326458654048596e+05  9.991751467973004e-01  9.991749309718418e-01
